nan,nan,nan,nan,nan,nan,nan,nan,nan,nan,nan,nan,nan,nan,nan,nan,nan,nan,nan,nan,nan,nan,nan,nan,nan,nan,nan,nan,nan,nan,nan,nan,nan,nan,nan,nan,nan,nan,nan,nan,nan,nan,nan,nan,nan,nan,nan,nan,nan,nan,nan,nan,nan,nan,nan,nan,nan,nan,nan,nan,nan,nan,nan,nan,nan,nan,nan,nan,nan,nan,nan,nan,nan,nan,nan,nan,nan,nan,nan,nan,nan,nan,nan,nan,nan,nan,nan,nan,nan,nan,nan,nan,nan,nan,nan,nan,nan,nan,nan,nan,nan,nan,nan,nan,nan,nan,nan,nan,nan,nan,nan,nan,nan,nan,nan,nan,nan,nan,nan,nan,nan,nan,nan,nan,nan
nan,nan,nan,nan,nan,nan,nan,nan,nan,nan,nan,nan,nan,nan,nan,nan,nan,nan,nan,nan,nan,nan,nan,nan,nan,nan,nan,nan,nan,nan,nan,nan,nan,nan,nan,nan,nan,nan,nan,nan,nan,nan,nan,nan,nan,nan,nan,nan,nan,nan,nan,nan,nan,nan,nan,nan,nan,nan,nan,nan,nan,nan,nan,nan,nan,nan,nan,nan,nan,nan,nan,nan,nan,nan,nan,nan,nan,nan,nan,nan,nan,nan,nan,nan,nan,nan,nan,nan,nan,nan,nan,nan,nan,nan,nan,nan,nan,nan,nan,nan,nan,nan,nan,nan,nan,nan,nan,nan,nan,nan,nan,nan,nan,nan,nan,nan,nan,nan,nan,nan,nan,nan,nan,nan,nan
nan,nan,nan,nan,nan,nan,nan,nan,nan,nan,nan,nan,nan,nan,nan,nan,nan,nan,nan,nan,nan,nan,nan,nan,nan,nan,nan,nan,nan,nan,nan,nan,nan,nan,nan,nan,nan,nan,nan,nan,nan,nan,nan,nan,nan,nan,nan,nan,nan,nan,nan,nan,nan,nan,nan,nan,nan,nan,nan,nan,nan,nan,nan,nan,nan,nan,nan,nan,nan,nan,nan,nan,nan,nan,nan,nan,nan,nan,nan,nan,nan,nan,nan,nan,nan,nan,nan,nan,nan,nan,nan,nan,nan,nan,nan,nan,nan,nan,nan,nan,nan,nan,nan,nan,nan,nan,nan,nan,nan,nan,nan,nan,nan,nan,nan,nan,nan,nan,nan,nan,nan,nan,nan,nan,nan
nan,nan,nan,nan,nan,nan,nan,nan,nan,nan,nan,nan,nan,nan,nan,nan,nan,nan,nan,nan,nan,nan,nan,nan,nan,nan,nan,nan,nan,nan,nan,nan,nan,nan,nan,nan,nan,nan,nan,nan,nan,nan,nan,nan,nan,nan,nan,nan,nan,nan,nan,nan,nan,nan,nan,nan,nan,nan,nan,nan,nan,nan,nan,nan,nan,nan,nan,nan,nan,nan,nan,nan,nan,nan,nan,nan,nan,nan,nan,nan,nan,nan,nan,nan,nan,nan,nan,nan,nan,nan,nan,nan,nan,nan,nan,nan,nan,nan,nan,nan,nan,nan,nan,nan,nan,nan,nan,nan,nan,nan,nan,nan,nan,nan,nan,nan,nan,nan,nan,nan,nan,nan,nan,nan,nan
nan,nan,nan,nan,nan,nan,nan,nan,nan,nan,nan,nan,nan,nan,nan,nan,nan,nan,nan,nan,nan,nan,nan,nan,nan,nan,nan,nan,nan,nan,nan,nan,nan,nan,nan,nan,nan,nan,nan,nan,nan,nan,nan,nan,nan,nan,nan,nan,nan,nan,nan,nan,nan,nan,nan,nan,nan,nan,nan,nan,nan,nan,nan,nan,nan,nan,nan,nan,nan,nan,nan,nan,nan,nan,nan,nan,nan,nan,nan,nan,nan,nan,nan,nan,nan,nan,nan,nan,nan,nan,nan,nan,nan,nan,nan,nan,nan,nan,nan,nan,nan,nan,nan,nan,nan,nan,nan,nan,nan,nan,nan,nan,nan,nan,nan,nan,nan,nan,nan,nan,nan,nan,nan,nan,nan
nan,nan,nan,nan,nan,nan,nan,nan,nan,nan,nan,nan,nan,nan,nan,nan,nan,nan,nan,nan,nan,nan,nan,nan,nan,nan,nan,nan,nan,nan,nan,nan,nan,nan,nan,nan,nan,nan,nan,nan,nan,nan,nan,nan,nan,nan,nan,nan,nan,nan,nan,nan,nan,nan,nan,nan,nan,nan,nan,nan,nan,nan,nan,nan,nan,nan,nan,nan,nan,nan,nan,nan,nan,nan,nan,nan,nan,nan,nan,nan,nan,nan,nan,nan,nan,nan,nan,nan,nan,nan,nan,nan,nan,nan,nan,nan,nan,nan,nan,nan,nan,nan,nan,nan,nan,nan,nan,nan,nan,nan,nan,nan,nan,nan,nan,nan,nan,nan,nan,nan,nan,nan,nan,nan,nan
nan,nan,nan,nan,nan,nan,nan,nan,nan,nan,nan,nan,nan,nan,nan,nan,nan,nan,nan,nan,nan,nan,nan,nan,nan,nan,nan,nan,nan,nan,nan,nan,nan,nan,nan,nan,nan,nan,nan,nan,nan,nan,nan,nan,nan,nan,nan,nan,nan,nan,nan,nan,nan,nan,nan,nan,nan,nan,nan,nan,nan,nan,nan,nan,nan,nan,nan,nan,nan,nan,nan,nan,nan,nan,nan,nan,nan,nan,nan,nan,nan,nan,nan,nan,nan,nan,nan,nan,nan,nan,nan,nan,nan,nan,nan,nan,nan,nan,nan,nan,nan,nan,nan,nan,nan,nan,nan,nan,nan,nan,nan,nan,nan,nan,nan,nan,nan,nan,nan,nan,nan,nan,nan,nan,nan
nan,nan,nan,nan,nan,nan,nan,nan,nan,nan,nan,nan,nan,nan,nan,nan,nan,nan,nan,nan,nan,nan,nan,nan,nan,nan,nan,nan,nan,nan,nan,nan,nan,nan,nan,nan,nan,nan,nan,nan,nan,nan,nan,nan,nan,nan,nan,nan,nan,nan,nan,nan,nan,nan,nan,nan,nan,nan,nan,nan,nan,nan,nan,nan,nan,nan,nan,nan,nan,nan,nan,nan,nan,nan,nan,nan,nan,nan,nan,nan,nan,nan,nan,nan,nan,nan,nan,nan,nan,nan,nan,nan,nan,nan,nan,nan,nan,nan,nan,nan,nan,nan,nan,nan,nan,nan,nan,nan,nan,nan,nan,nan,nan,nan,nan,nan,nan,nan,nan,nan,nan,nan,nan,nan,nan
nan,nan,nan,nan,nan,nan,nan,nan,nan,nan,nan,nan,nan,nan,nan,nan,nan,nan,nan,nan,nan,nan,nan,nan,nan,nan,nan,nan,nan,nan,nan,nan,nan,nan,nan,nan,nan,nan,nan,nan,nan,nan,nan,nan,nan,nan,nan,nan,nan,nan,nan,nan,nan,nan,nan,nan,nan,nan,nan,nan,nan,nan,nan,nan,nan,nan,nan,nan,nan,nan,nan,nan,nan,nan,nan,nan,nan,nan,nan,nan,nan,nan,nan,nan,nan,nan,nan,nan,nan,nan,nan,nan,nan,nan,nan,nan,nan,nan,nan,nan,nan,nan,nan,nan,nan,nan,nan,nan,nan,nan,nan,nan,nan,nan,nan,nan,nan,nan,nan,nan,nan,nan,nan,nan,nan
nan,nan,nan,nan,nan,nan,nan,nan,nan,nan,nan,nan,nan,nan,nan,nan,nan,nan,nan,nan,nan,nan,nan,nan,nan,nan,nan,nan,nan,nan,nan,nan,nan,nan,nan,nan,nan,nan,nan,nan,nan,nan,nan,nan,nan,nan,nan,nan,nan,nan,nan,nan,nan,nan,nan,nan,nan,nan,nan,nan,nan,nan,nan,nan,nan,nan,nan,nan,nan,nan,nan,nan,nan,nan,nan,nan,nan,nan,nan,nan,nan,nan,nan,nan,nan,nan,nan,nan,nan,nan,nan,nan,nan,nan,nan,nan,nan,nan,nan,nan,nan,nan,nan,nan,nan,nan,nan,nan,nan,nan,nan,nan,nan,nan,nan,nan,nan,nan,nan,nan,nan,nan,nan,nan,nan
nan,nan,nan,nan,nan,nan,nan,nan,nan,nan,nan,nan,nan,nan,nan,nan,nan,nan,nan,nan,nan,nan,nan,nan,nan,nan,nan,nan,nan,nan,nan,nan,nan,nan,nan,nan,nan,nan,nan,nan,nan,nan,nan,nan,nan,nan,nan,nan,nan,nan,nan,nan,nan,nan,nan,nan,nan,nan,nan,nan,nan,nan,nan,nan,nan,nan,nan,nan,nan,nan,nan,nan,nan,nan,nan,nan,nan,nan,nan,nan,nan,nan,nan,nan,nan,nan,nan,nan,nan,nan,nan,nan,nan,nan,nan,nan,nan,nan,nan,nan,nan,nan,nan,nan,nan,nan,nan,nan,nan,nan,nan,nan,nan,nan,nan,nan,nan,nan,nan,nan,nan,nan,nan,nan,nan
nan,nan,nan,nan,nan,nan,nan,nan,nan,nan,nan,nan,nan,nan,nan,nan,nan,nan,nan,nan,nan,nan,nan,nan,nan,nan,nan,nan,nan,nan,nan,nan,nan,nan,nan,nan,nan,nan,nan,nan,nan,nan,nan,nan,nan,nan,nan,nan,nan,nan,nan,nan,nan,nan,nan,nan,nan,nan,nan,nan,nan,nan,nan,nan,nan,nan,nan,nan,nan,nan,nan,nan,nan,nan,nan,nan,nan,nan,nan,nan,nan,nan,nan,nan,nan,nan,nan,nan,nan,nan,nan,nan,nan,nan,nan,nan,nan,nan,nan,nan,nan,nan,nan,nan,nan,nan,nan,nan,nan,nan,nan,nan,nan,nan,nan,nan,nan,nan,nan,nan,nan,nan,nan,nan,nan
nan,nan,nan,nan,nan,nan,nan,nan,nan,nan,nan,nan,nan,nan,nan,nan,nan,nan,nan,nan,nan,nan,nan,nan,nan,nan,nan,nan,nan,nan,nan,nan,nan,nan,nan,nan,nan,nan,nan,nan,nan,nan,nan,nan,nan,nan,nan,nan,nan,nan,nan,nan,nan,nan,nan,nan,nan,nan,nan,nan,nan,nan,nan,nan,nan,nan,nan,nan,nan,nan,nan,nan,nan,nan,nan,nan,nan,nan,nan,nan,nan,nan,nan,nan,nan,nan,nan,nan,nan,nan,nan,nan,nan,nan,nan,nan,nan,nan,nan,nan,nan,nan,nan,nan,nan,nan,nan,nan,nan,nan,nan,nan,nan,nan,nan,nan,nan,nan,nan,nan,nan,nan,nan,nan,nan
nan,nan,nan,nan,nan,nan,nan,nan,nan,nan,nan,nan,nan,nan,nan,nan,nan,nan,nan,nan,nan,nan,nan,nan,nan,nan,nan,nan,nan,nan,nan,nan,nan,nan,nan,nan,nan,nan,nan,nan,nan,nan,nan,nan,nan,nan,nan,nan,nan,nan,nan,nan,nan,nan,nan,nan,nan,nan,nan,nan,nan,nan,nan,nan,nan,nan,nan,nan,nan,nan,nan,nan,nan,nan,nan,nan,nan,nan,nan,nan,nan,nan,nan,nan,nan,nan,nan,nan,nan,nan,nan,nan,nan,nan,nan,nan,nan,nan,nan,nan,nan,nan,nan,nan,nan,nan,nan,nan,nan,nan,nan,nan,nan,nan,nan,nan,nan,nan,nan,nan,nan,nan,nan,nan,nan
nan,nan,nan,nan,nan,nan,nan,nan,nan,nan,nan,nan,nan,nan,nan,nan,nan,nan,nan,nan,nan,nan,nan,nan,nan,nan,nan,nan,nan,nan,nan,nan,nan,nan,nan,nan,nan,nan,nan,nan,nan,nan,nan,nan,nan,nan,nan,nan,nan,nan,nan,nan,nan,2.954986572265625000e+01,3.613655853271484375e+01,3.512745285034179688e+01,3.275055694580078125e+01,2.755045318603515625e+01,nan,nan,nan,nan,nan,nan,1.584410953521728516e+01,1.723801422119140625e+01,1.187748908996582031e+01,7.289075851440429688e+00,6.858499050140380859e+00,-4.064689159393310547e+00,nan,nan,nan,nan,nan,nan,nan,nan,nan,nan,nan,nan,nan,nan,nan,nan,nan,nan,nan,nan,nan,nan,nan,nan,nan,nan,nan,nan,nan,nan,nan,nan,nan,nan,nan,nan,nan,nan,nan,nan,nan,nan,nan,nan,nan,nan,nan,nan,nan,nan,nan,nan,nan,nan,nan
nan,nan,nan,nan,nan,nan,nan,nan,nan,nan,nan,nan,nan,nan,nan,nan,nan,nan,nan,nan,nan,nan,nan,nan,nan,nan,nan,nan,nan,nan,nan,nan,nan,nan,nan,nan,nan,nan,nan,nan,nan,nan,nan,nan,nan,nan,nan,nan,nan,nan,2.994840621948242188e+01,3.127037429809570312e+01,3.230261230468750000e+01,3.404734039306640625e+01,3.475443649291992188e+01,3.397271728515625000e+01,2.256958389282226562e+01,2.275177955627441406e+01,2.830493545532226562e+01,2.718044281005859375e+01,3.091318321228027344e+01,3.001591300964355469e+01,2.640117645263671875e+01,2.423056411743164062e+01,1.713149833679199219e+01,1.326446533203125000e+01,8.861626625061035156e+00,8.710518836975097656e+00,1.567891120910644531e+00,-8.164319992065429688e+00,-2.853832817077636719e+01,-1.265754890441894531e+01,nan,nan,nan,nan,nan,nan,nan,nan,nan,nan,nan,nan,nan,nan,nan,nan,nan,nan,nan,nan,nan,nan,nan,nan,nan,nan,nan,nan,nan,nan,nan,nan,nan,nan,nan,nan,nan,nan,nan,nan,nan,nan,nan,nan,nan,nan,nan,nan,nan,nan,nan,nan,nan
nan,nan,nan,nan,nan,nan,nan,nan,nan,nan,nan,nan,nan,nan,nan,nan,nan,nan,nan,nan,nan,nan,nan,nan,nan,nan,nan,nan,nan,nan,nan,nan,nan,nan,nan,nan,nan,nan,nan,nan,nan,nan,nan,nan,nan,nan,nan,nan,3.078351593017578125e+01,2.991321945190429688e+01,3.845546340942382812e+01,3.529954910278320312e+01,3.261327362060546875e+01,2.899136734008789062e+01,2.818022537231445312e+01,3.057942771911621094e+01,2.385290145874023438e+01,2.243338203430175781e+01,2.685140228271484375e+01,2.766372871398925781e+01,2.885721206665039062e+01,2.431588554382324219e+01,2.596176719665527344e+01,2.678428268432617188e+01,2.111106300354003906e+01,7.656452178955078125e+00,5.540791988372802734e+00,2.972944974899291992e+00,-6.004359245300292969e+00,-1.500978946685791016e+01,-2.800741195678710938e+01,-2.981056976318359375e+01,-1.841348838806152344e+01,-2.394260978698730469e+01,nan,nan,nan,nan,nan,nan,nan,nan,nan,nan,nan,nan,nan,nan,nan,nan,nan,nan,nan,nan,nan,nan,nan,nan,nan,nan,nan,nan,nan,nan,nan,nan,nan,nan,nan,nan,nan,nan,nan,nan,nan,nan,nan,nan,nan,nan,nan,nan,nan,nan,nan
nan,nan,nan,nan,nan,nan,nan,nan,nan,nan,nan,nan,nan,nan,nan,nan,nan,nan,nan,nan,nan,nan,nan,nan,nan,nan,nan,nan,nan,nan,nan,nan,nan,nan,nan,nan,nan,nan,nan,nan,nan,nan,nan,nan,nan,nan,3.068426895141601562e+01,3.029364776611328125e+01,2.878156852722167969e+01,2.947142410278320312e+01,3.103273963928222656e+01,3.270441436767578125e+01,2.921835327148437500e+01,2.376045227050781250e+01,2.409708213806152344e+01,2.484301376342773438e+01,2.306916809082031250e+01,2.236205291748046875e+01,2.490864181518554688e+01,2.490945816040039062e+01,2.474762344360351562e+01,3.011588096618652344e+01,2.449696159362792969e+01,2.710427093505859375e+01,2.668397331237792969e+01,9.983592033386230469e+00,4.095670223236083984e+00,-2.876731634140014648e+00,-9.147747039794921875e+00,-1.394983291625976562e+01,-3.071730613708496094e+01,-1.391351318359375000e+01,-1.907878112792968750e+01,-2.444746017456054688e+01,nan,nan,nan,nan,nan,nan,nan,nan,nan,nan,nan,nan,nan,nan,nan,nan,nan,nan,nan,nan,nan,nan,nan,nan,nan,nan,nan,nan,nan,nan,nan,nan,nan,nan,nan,nan,nan,nan,nan,nan,nan,nan,nan,nan,nan,nan,nan,nan,nan,nan,nan
nan,nan,nan,nan,nan,nan,nan,nan,nan,nan,nan,nan,nan,nan,nan,nan,nan,nan,nan,nan,nan,nan,nan,nan,nan,nan,nan,nan,nan,nan,nan,nan,nan,nan,nan,nan,nan,nan,2.026957321166992188e+01,2.027109527587890625e+01,nan,nan,nan,nan,nan,5.137895965576171875e+01,5.481808853149414062e+01,4.156763458251953125e+01,3.078523635864257812e+01,2.078341102600097656e+01,2.245446777343750000e+01,2.305879974365234375e+01,2.581565284729003906e+01,2.384422492980957031e+01,2.517322349548339844e+01,3.220314788818359375e+01,2.750856018066406250e+01,2.813173484802246094e+01,2.490669631958007812e+01,2.250852775573730469e+01,2.485615348815917969e+01,2.176138114929199219e+01,2.581112289428710938e+01,2.457832145690917969e+01,2.419685554504394531e+01,1.132091903686523438e+01,1.114076018333435059e+00,-5.797346591949462891e+00,-7.003380775451660156e+00,-1.945261001586914062e+00,-1.019300746917724609e+01,-1.501788425445556641e+01,-1.994762229919433594e+01,-2.475879478454589844e+01,-3.194781112670898438e+01,-3.069958114624023438e+01,nan,nan,nan,nan,nan,nan,nan,nan,nan,nan,nan,nan,nan,nan,nan,nan,nan,nan,nan,nan,nan,nan,nan,nan,nan,nan,nan,nan,nan,nan,nan,nan,nan,nan,nan,nan,nan,nan,nan,nan,nan,nan,nan,nan,nan,nan,nan,nan,nan
nan,nan,nan,nan,nan,nan,nan,nan,nan,nan,nan,nan,nan,nan,nan,nan,nan,nan,nan,nan,nan,nan,nan,nan,nan,nan,nan,nan,nan,nan,nan,nan,nan,nan,nan,nan,2.175635910034179688e+01,2.134912872314453125e+01,nan,1.547462463378906250e+01,2.176494598388671875e+01,nan,nan,nan,2.197295379638671875e+01,3.962694931030273438e+01,3.400572204589843750e+01,3.361262512207031250e+01,3.300465774536132812e+01,2.557849502563476562e+01,2.562260437011718750e+01,2.238961410522460938e+01,1.932289886474609375e+01,2.053890037536621094e+01,2.608960533142089844e+01,2.961928558349609375e+01,2.437200355529785156e+01,2.761528396606445312e+01,2.883990669250488281e+01,2.357201576232910156e+01,2.228069877624511719e+01,2.135931777954101562e+01,2.435537910461425781e+01,1.577862739562988281e+01,1.578121376037597656e+01,3.463353872299194336e+00,-2.901799201965332031e+00,2.372503042221069336e+00,-3.068916559219360352e+00,1.826433777809143066e+00,-4.330615043640136719e+00,-1.658196067810058594e+01,-2.107648658752441406e+01,-3.216986846923828125e+01,-3.217460250854492188e+01,-3.114411544799804688e+01,-3.106488037109375000e+01,-3.214355850219726562e+01,nan,nan,nan,nan,nan,nan,nan,nan,nan,nan,nan,nan,nan,nan,nan,nan,nan,nan,nan,nan,nan,nan,nan,nan,nan,nan,nan,nan,nan,nan,nan,nan,nan,nan,nan,nan,nan,nan,nan,nan,nan,nan,nan,nan,nan,nan,nan
nan,nan,nan,nan,nan,nan,nan,nan,nan,nan,nan,nan,nan,nan,nan,nan,nan,nan,nan,nan,nan,nan,nan,nan,nan,nan,nan,nan,nan,nan,nan,nan,nan,nan,nan,nan,1.995239639282226562e+01,nan,1.913661766052246094e+01,2.010884666442871094e+01,1.552805900573730469e+01,4.960003376007080078e+00,2.108859825134277344e+01,1.746408081054687500e+01,1.828840827941894531e+01,2.207290840148925781e+01,nan,2.886694335937500000e+01,3.082917785644531250e+01,2.559879112243652344e+01,2.431551170349121094e+01,1.982356834411621094e+01,1.762260055541992188e+01,1.970328903198242188e+01,2.595018768310546875e+01,2.661295509338378906e+01,2.277516746520996094e+01,2.920284080505371094e+01,2.645544433593750000e+01,2.565596389770507812e+01,2.234891319274902344e+01,2.251835632324218750e+01,1.785748481750488281e+01,1.644792747497558594e+01,1.557818508148193359e+01,1.287407779693603516e+01,1.370336055755615234e+01,8.132251739501953125e+00,1.416585206985473633e+00,3.462747633457183838e-01,-9.575576782226562500e+00,-1.538464832305908203e+01,-1.875308990478515625e+01,-2.879194831848144531e+01,-3.571624374389648438e+01,-4.226169586181640625e+01,-3.873865509033203125e+01,-3.425105285644531250e+01,-1.486751365661621094e+01,nan,nan,nan,nan,nan,nan,nan,nan,nan,nan,nan,nan,nan,nan,nan,nan,nan,nan,nan,nan,nan,nan,nan,nan,nan,nan,nan,nan,nan,nan,nan,nan,nan,nan,nan,nan,nan,nan,nan,nan,nan,nan,nan,nan,nan,nan
nan,nan,nan,nan,nan,nan,nan,nan,nan,nan,nan,nan,nan,nan,nan,nan,nan,nan,nan,nan,nan,nan,nan,nan,nan,nan,nan,nan,nan,nan,nan,nan,nan,nan,nan,2.400022697448730469e+01,2.436867523193359375e+01,2.374591445922851562e+01,1.984364509582519531e+01,2.401806640625000000e+01,1.750207328796386719e+01,1.801944923400878906e+01,2.338093566894531250e+01,2.219015312194824219e+01,2.835002136230468750e+01,2.600738716125488281e+01,2.969618225097656250e+01,2.165126800537109375e+01,2.084111213684082031e+01,2.622773742675781250e+01,2.299516296386718750e+01,2.011203956604003906e+01,1.923945236206054688e+01,1.733930778503417969e+01,1.915051651000976562e+01,2.101065635681152344e+01,2.883001327514648438e+01,3.614928817749023438e+01,2.417449569702148438e+01,2.488154029846191406e+01,2.673185920715332031e+01,1.553232479095458984e+01,1.737122726440429688e+01,2.470423507690429688e+01,2.037111282348632812e+01,2.312234497070312500e+01,1.296979808807373047e+01,1.571943283081054688e+01,2.949920654296875000e+00,-2.183867454528808594e+00,-1.322491455078125000e+01,-1.821079063415527344e+01,-1.782255935668945312e+01,-2.472575950622558594e+01,-3.560179138183593750e+01,-3.845774078369140625e+01,-3.703049087524414062e+01,-4.250765991210937500e+01,-3.684869766235351562e+01,-2.761114692687988281e+01,nan,nan,nan,nan,nan,nan,nan,nan,nan,nan,nan,nan,nan,nan,nan,nan,nan,nan,nan,nan,nan,nan,nan,nan,nan,nan,nan,nan,nan,nan,nan,nan,nan,nan,nan,nan,nan,nan,nan,nan,nan,nan,nan,nan,nan
nan,nan,nan,nan,nan,nan,nan,nan,nan,nan,nan,nan,nan,nan,nan,nan,nan,nan,nan,nan,nan,nan,nan,nan,nan,nan,nan,nan,nan,nan,nan,nan,nan,nan,1.591076087951660156e+01,2.007493972778320312e+01,2.317148208618164062e+01,2.588096618652343750e+01,2.387895202636718750e+01,2.393576622009277344e+01,2.157248115539550781e+01,2.653417587280273438e+01,2.754725456237792969e+01,3.131753730773925781e+01,2.736749267578125000e+01,2.921785545349121094e+01,2.997581481933593750e+01,2.509854316711425781e+01,2.258451652526855469e+01,2.332614898681640625e+01,2.188787841796875000e+01,2.567149353027343750e+01,2.599786949157714844e+01,2.489926528930664062e+01,1.566122913360595703e+01,1.985224342346191406e+01,3.143450927734375000e+01,2.710346603393554688e+01,2.506753349304199219e+01,9.245466232299804688e+00,1.610426712036132812e+01,1.227925586700439453e+01,1.385711956024169922e+01,2.306493186950683594e+01,2.651791191101074219e+01,2.361376762390136719e+01,nan,nan,nan,nan,-2.995744132995605469e+01,-2.865742874145507812e+01,-1.716172981262207031e+01,-2.457601165771484375e+01,-2.343819236755371094e+01,-2.153020095825195312e+01,-2.916766357421875000e+01,-3.991039657592773438e+01,-2.673877334594726562e+01,-2.479984092712402344e+01,nan,nan,nan,nan,nan,nan,nan,nan,nan,nan,nan,nan,nan,nan,nan,nan,nan,nan,nan,nan,nan,nan,nan,nan,nan,nan,nan,nan,nan,nan,nan,nan,nan,nan,nan,nan,nan,nan,nan,nan,nan,nan,nan,nan,nan
nan,nan,nan,nan,nan,nan,nan,nan,nan,nan,nan,nan,nan,nan,nan,nan,nan,nan,nan,nan,nan,nan,nan,nan,nan,nan,nan,nan,nan,1.268139648437500000e+01,nan,nan,1.808077621459960938e+01,1.851021575927734375e+01,1.769674873352050781e+01,2.187608909606933594e+01,2.530933380126953125e+01,2.755474662780761719e+01,2.834245491027832031e+01,2.550570297241210938e+01,2.704587745666503906e+01,2.677123260498046875e+01,2.752161026000976562e+01,3.030108261108398438e+01,3.214287948608398438e+01,3.402236557006835938e+01,3.193807983398437500e+01,2.711660575866699219e+01,2.569914245605468750e+01,2.405677604675292969e+01,2.589076614379882812e+01,2.555181312561035156e+01,2.641074562072753906e+01,2.620978927612304688e+01,2.165979385375976562e+01,2.411361312866210938e+01,2.291929244995117188e+01,2.328876304626464844e+01,2.524838066101074219e+01,-3.783431053161621094e+00,-1.315859317779541016e+00,7.552937507629394531e+00,2.138838577270507812e+01,2.413530540466308594e+01,2.567456626892089844e+01,2.224736785888671875e+01,2.461776494979858398e+00,5.823276638984680176e-01,nan,-1.061046695709228516e+01,-3.323865509033203125e+01,-2.948687553405761719e+01,-2.468858528137207031e+01,-2.176055908203125000e+01,-2.632742691040039062e+01,-2.576857948303222656e+01,-2.934216880798339844e+01,-2.627148628234863281e+01,-2.468223190307617188e+01,-2.252327156066894531e+01,nan,nan,nan,nan,nan,nan,nan,nan,nan,nan,nan,nan,nan,nan,nan,nan,nan,nan,nan,nan,nan,nan,nan,nan,nan,nan,nan,nan,nan,nan,nan,nan,nan,nan,nan,nan,nan,nan,nan,nan,nan,nan,nan,nan,nan
nan,nan,nan,nan,nan,nan,nan,nan,nan,nan,nan,nan,nan,nan,nan,nan,nan,nan,nan,nan,nan,nan,nan,nan,nan,nan,nan,nan,nan,nan,1.400024414062500000e+01,1.416609001159667969e+01,1.719747543334960938e+01,1.759317970275878906e+01,2.219522476196289062e+01,2.389483070373535156e+01,2.356219482421875000e+01,2.710436248779296875e+01,2.838069534301757812e+01,2.967382621765136719e+01,2.552580642700195312e+01,2.330985069274902344e+01,2.711010742187500000e+01,2.958455848693847656e+01,3.000419425964355469e+01,2.959700775146484375e+01,2.817408943176269531e+01,2.811892127990722656e+01,2.742633247375488281e+01,2.329593276977539062e+01,2.509762382507324219e+01,2.593132781982421875e+01,2.383035659790039062e+01,2.185856246948242188e+01,2.134141731262207031e+01,2.694583129882812500e+01,2.157516098022460938e+01,2.023681831359863281e+01,2.095637702941894531e+01,6.872097969055175781e+00,-3.880527019500732422e-01,1.181997394561767578e+01,1.816307830810546875e+01,2.421581459045410156e+01,1.557590389251708984e+01,8.436873435974121094e+00,-4.565031051635742188e+00,-2.259400039911270142e-01,-4.202007293701171875e+00,-1.250204849243164062e+01,-2.953177261352539062e+01,-3.006016540527343750e+01,-2.729829978942871094e+01,-2.444955635070800781e+01,-2.754036331176757812e+01,-2.796424102783203125e+01,-2.693383979797363281e+01,-2.049347686767578125e+01,-1.509536838531494141e+01,-2.309957695007324219e+01,-1.806034278869628906e+01,nan,-1.232484245300292969e+01,nan,nan,nan,nan,nan,nan,nan,nan,nan,nan,nan,nan,nan,nan,nan,nan,nan,nan,nan,nan,nan,nan,nan,nan,nan,nan,nan,nan,nan,nan,nan,nan,nan,nan,nan,nan,nan,nan,nan,nan,nan,nan
nan,nan,nan,nan,nan,nan,nan,nan,nan,nan,nan,nan,nan,nan,nan,nan,nan,nan,nan,nan,nan,nan,nan,nan,nan,nan,nan,nan,nan,1.168093776702880859e+01,9.137997627258300781e+00,8.657071113586425781e+00,1.459796142578125000e+01,2.342596435546875000e+01,2.525677871704101562e+01,2.430963706970214844e+01,2.408006477355957031e+01,2.663235282897949219e+01,2.962107849121093750e+01,3.110225105285644531e+01,3.043091773986816406e+01,2.976613426208496094e+01,2.973507881164550781e+01,2.808626556396484375e+01,3.109734916687011719e+01,2.975841522216796875e+01,2.695438766479492188e+01,2.704952239990234375e+01,2.625934219360351562e+01,2.340727043151855469e+01,2.624386978149414062e+01,2.340702247619628906e+01,1.924979972839355469e+01,1.702108573913574219e+01,2.001314735412597656e+01,2.109474372863769531e+01,2.119405746459960938e+01,2.044895172119140625e+01,1.896740150451660156e+01,5.705234050750732422e+00,7.215272903442382812e+00,5.582825183868408203e+00,1.845097732543945312e+01,1.975620841979980469e+01,1.250893115997314453e+01,6.539774894714355469e+00,-2.131857633590698242e+00,-8.461852073669433594e+00,-8.819430351257324219e+00,-1.576461219787597656e+01,-9.030741691589355469e+00,-1.803183174133300781e+01,-1.695441055297851562e+01,-2.457495117187500000e+01,-4.154309082031250000e+01,-3.050675201416015625e+01,-2.807554244995117188e+01,-2.594767951965332031e+01,-1.860522651672363281e+01,-2.133259582519531250e+01,-1.186065292358398438e+01,-4.860888481140136719e+00,-7.779527187347412109e+00,-8.896119117736816406e+00,-7.667065143585205078e+00,nan,nan,nan,nan,nan,nan,nan,nan,nan,nan,nan,nan,nan,nan,nan,nan,nan,nan,nan,nan,nan,nan,nan,nan,nan,nan,nan,nan,nan,nan,nan,nan,nan,nan,nan,nan,nan,nan,nan,nan
nan,nan,nan,nan,nan,nan,nan,nan,nan,nan,nan,nan,nan,nan,nan,nan,nan,nan,nan,nan,nan,nan,nan,nan,nan,nan,nan,nan,nan,1.143540763854980469e+01,1.199389266967773438e+01,1.214073848724365234e+01,1.169584846496582031e+01,1.758839607238769531e+01,2.526343536376953125e+01,2.407397079467773438e+01,2.296732330322265625e+01,2.373916053771972656e+01,2.928339195251464844e+01,3.044289970397949219e+01,2.869739913940429688e+01,2.903372001647949219e+01,2.871076011657714844e+01,3.077588653564453125e+01,2.863697433471679688e+01,2.844890213012695312e+01,2.569260406494140625e+01,2.276904296875000000e+01,2.240184402465820312e+01,2.038852691650390625e+01,2.245302200317382812e+01,2.262593078613281250e+01,1.976391983032226562e+01,1.539264774322509766e+01,2.294739532470703125e+01,2.178051757812500000e+01,1.769304656982421875e+01,1.408418464660644531e+01,7.488214969635009766e+00,1.564861869812011719e+01,2.615429639816284180e+00,-1.689638376235961914e+00,7.348782539367675781e+00,1.436637115478515625e+01,1.192336463928222656e+01,8.306227326393127441e-01,-2.437049388885498047e+00,-5.798356533050537109e+00,-1.215766525268554688e+01,-1.351496124267578125e+01,-1.273787021636962891e+01,-1.803957939147949219e+01,-1.948075675964355469e+01,-2.562296485900878906e+01,-2.082796478271484375e+01,-9.605419158935546875e+00,-1.940906906127929688e+01,-1.959969139099121094e+01,-1.836100387573242188e+01,-1.905797767639160156e+01,-1.048494434356689453e+01,-1.579636478424072266e+01,-1.380340576171875000e+01,-1.264355945587158203e+01,-1.400963306427001953e+01,-1.245781707763671875e+01,-4.843899250030517578e+00,nan,nan,nan,nan,nan,nan,nan,nan,nan,nan,nan,nan,nan,nan,nan,nan,nan,nan,nan,nan,nan,nan,nan,nan,nan,nan,nan,nan,nan,nan,nan,nan,nan,nan,nan,nan,nan,nan
nan,nan,nan,nan,nan,nan,nan,nan,nan,nan,nan,nan,nan,nan,nan,nan,nan,nan,nan,nan,nan,nan,nan,nan,nan,nan,nan,nan,nan,6.121484279632568359e+00,3.364276885986328125e+00,5.583333492279052734e+00,1.163084316253662109e+01,1.832931900024414062e+01,2.284347534179687500e+01,2.322251319885253906e+01,2.230220413208007812e+01,2.431802558898925781e+01,2.724493217468261719e+01,2.835794448852539062e+01,2.797268486022949219e+01,2.754941558837890625e+01,2.767479515075683594e+01,2.757657623291015625e+01,2.738280487060546875e+01,2.436334800720214844e+01,2.119140815734863281e+01,1.983221244812011719e+01,2.124229240417480469e+01,2.018836021423339844e+01,1.949706649780273438e+01,1.880334472656250000e+01,2.072689056396484375e+01,2.370391464233398438e+01,2.410905838012695312e+01,2.081875419616699219e+01,1.711981582641601562e+01,1.157779407501220703e+01,1.321066474914550781e+01,6.908818244934082031e+00,-2.078979492187500000e+00,-2.907142400741577148e+00,2.728143692016601562e+00,6.932483196258544922e+00,1.063842582702636719e+01,-1.366558194160461426e+00,-2.275271892547607422e+00,-9.520698547363281250e+00,-1.953578758239746094e+01,-1.112266349792480469e+01,-1.481801128387451172e+01,-2.845354318618774414e+00,-2.862185096740722656e+01,-2.130535125732421875e+01,-2.687081718444824219e+01,-1.314862823486328125e+01,-2.159698295593261719e+01,-2.231414222717285156e+01,-2.241795730590820312e+01,-1.320183658599853516e+01,-8.142352104187011719e+00,-2.026763343811035156e+01,-1.396342945098876953e+01,-5.651761531829833984e+00,9.971085190773010254e-01,-7.124933719635009766e+00,nan,nan,nan,nan,nan,nan,nan,nan,nan,nan,nan,nan,nan,nan,nan,nan,nan,nan,nan,nan,nan,nan,nan,nan,nan,nan,nan,nan,nan,nan,nan,nan,nan,nan,nan,nan,nan,nan,nan
nan,nan,nan,nan,nan,nan,nan,nan,nan,nan,nan,nan,nan,nan,nan,nan,nan,nan,nan,nan,nan,nan,nan,nan,nan,nan,nan,nan,1.044120788574218750e+01,4.676360607147216797e+00,5.199114799499511719e+00,9.294219970703125000e+00,1.810201072692871094e+01,1.891265106201171875e+01,2.679086875915527344e+01,2.290877723693847656e+01,2.624827194213867188e+01,2.745762062072753906e+01,2.801010513305664062e+01,2.841610336303710938e+01,2.830367469787597656e+01,2.736857604980468750e+01,2.621984863281250000e+01,2.580685424804687500e+01,2.475072288513183594e+01,2.364981651306152344e+01,2.185354804992675781e+01,1.966893768310546875e+01,2.120427322387695312e+01,1.876222610473632812e+01,1.939810943603515625e+01,1.992887306213378906e+01,2.220430183410644531e+01,2.396853637695312500e+01,1.833847808837890625e+01,1.787751388549804688e+01,1.992244338989257812e+01,1.258420753479003906e+01,1.411197185516357422e+01,5.083069801330566406e+00,-5.442325115203857422e+00,3.657210254459641874e-05,1.657609343528747559e-01,1.655479073524475098e+00,-4.609645843505859375e+00,-7.352223396301269531e+00,-1.020425319671630859e+01,-3.344404602050781250e+01,-3.400538635253906250e+01,-1.622321510314941406e+01,-9.189166069030761719e+00,-7.780104637145996094e+00,-1.978303718566894531e+01,-1.661874771118164062e+01,-1.884470176696777344e+01,-2.021533203125000000e+01,-1.983730125427246094e+01,-2.010001373291015625e+01,-1.658456993103027344e+01,-1.148181247711181641e+01,-1.679854774475097656e+01,-9.102354049682617188e+00,-4.614820480346679688e+00,-4.875281333923339844e+00,5.171483993530273438e+00,-7.380246639251708984e+00,nan,nan,nan,nan,nan,nan,nan,nan,nan,nan,nan,nan,nan,nan,nan,nan,nan,nan,nan,nan,nan,nan,nan,nan,nan,nan,nan,nan,nan,nan,nan,nan,nan,nan,nan,nan,nan,nan,nan
nan,nan,nan,nan,nan,nan,nan,nan,nan,nan,nan,nan,nan,nan,nan,nan,nan,nan,nan,nan,nan,nan,nan,nan,nan,nan,nan,nan,5.338946819305419922e+00,8.471293449401855469e+00,8.905728340148925781e+00,1.464103984832763672e+01,1.949309158325195312e+01,2.335200309753417969e+01,2.358555793762207031e+01,2.417924118041992188e+01,2.726955413818359375e+01,2.802995681762695312e+01,2.847599601745605469e+01,3.031623458862304688e+01,2.784385871887207031e+01,2.637618637084960938e+01,2.289335632324218750e+01,2.230866241455078125e+01,2.199160957336425781e+01,2.211519622802734375e+01,2.105298423767089844e+01,1.583931922912597656e+01,1.412125492095947266e+01,1.730809211730957031e+01,1.925551414489746094e+01,1.874425888061523438e+01,1.975511932373046875e+01,1.933323860168457031e+01,1.744447898864746094e+01,1.958782005310058594e+01,2.080119895935058594e+01,1.245329093933105469e+01,1.111937713623046875e+01,9.509799957275390625e+00,-1.541943192481994629e+00,-2.660155773162841797e+00,5.282732099294662476e-02,-5.294734001159667969e+00,-7.186055183410644531e+00,-1.003672981262207031e+01,-5.978599166870117188e+01,-4.268187713623046875e+01,-1.872397232055664062e+01,-2.166021537780761719e+01,-2.127185440063476562e+01,-1.663425636291503906e+01,-1.704437446594238281e+01,-8.165933609008789062e+00,-6.632922172546386719e+00,-8.558497428894042969e+00,-1.568402385711669922e+01,-1.704931068420410156e+01,-1.272584056854248047e+01,-1.110517883300781250e+01,-6.010068416595458984e+00,-8.844785690307617188e+00,8.846193313598632812e+00,-7.852631092071533203e+00,-2.122129350900650024e-01,-1.985767602920532227e+00,4.710306644439697266e+00,-1.234477519989013672e+00,2.309812419116497040e-02,4.763840675354003906e+00,-7.176876544952392578e+00,-1.905869483947753906e+00,-2.129917860031127930e+00,nan,nan,nan,nan,nan,nan,nan,nan,nan,nan,nan,nan,nan,nan,nan,nan,nan,nan,nan,nan,nan,nan,nan,nan,nan,nan,nan,nan,nan,nan,nan,nan
nan,nan,nan,nan,nan,nan,nan,nan,nan,nan,nan,nan,nan,nan,nan,nan,nan,nan,nan,nan,nan,nan,nan,nan,nan,nan,8.823995590209960938e+00,-3.689551591873168945e+00,6.480477333068847656e+00,9.518101692199707031e+00,1.396569633483886719e+01,1.620117950439453125e+01,2.031810379028320312e+01,2.622165298461914062e+01,2.370012283325195312e+01,2.713915634155273438e+01,2.775815963745117188e+01,2.984535408020019531e+01,3.374740219116210938e+01,3.113867187500000000e+01,2.748550796508789062e+01,2.413871955871582031e+01,2.052654647827148438e+01,2.109696960449218750e+01,2.273696136474609375e+01,2.226939010620117188e+01,2.187708663940429688e+01,1.977911949157714844e+01,1.659193229675292969e+01,1.657619476318359375e+01,1.887288475036621094e+01,2.135836029052734375e+01,2.001202392578125000e+01,1.859609985351562500e+01,1.733474349975585938e+01,1.761255645751953125e+01,1.248499298095703125e+01,1.104066944122314453e+01,1.320151519775390625e+01,8.550887107849121094e+00,-5.979068756103515625e+00,-2.933301687240600586e+00,2.130441571353003383e-04,-5.139684677124023438e+00,-9.573368072509765625e+00,-1.230263042449951172e+01,-2.852836418151855469e+01,-3.263777923583984375e+01,-3.130831336975097656e+01,-1.882120323181152344e+01,-1.825355529785156250e+01,-5.204441547393798828e+00,-1.354295158386230469e+01,-1.595462894439697266e+01,-8.606598854064941406e+00,-9.410569190979003906e+00,-1.628971099853515625e+01,-8.660714149475097656e+00,-5.648897171020507812e+00,-1.396048736572265625e+01,-8.552602767944335938e+00,-5.249447822570800781e+00,4.220680892467498779e-01,-4.336354732513427734e+00,-4.522355556488037109e+00,-5.305037975311279297e+00,-6.846419811248779297e+00,-1.529567003250122070e+00,1.759094739099964499e-04,-7.146509170532226562e+00,-3.393610954284667969e+00,-4.514064788818359375e+00,nan,nan,nan,nan,nan,nan,nan,nan,nan,nan,nan,nan,nan,nan,nan,nan,nan,nan,nan,nan,nan,nan,nan,nan,nan,nan,nan,nan,nan,nan,nan,nan,nan
nan,nan,nan,nan,nan,nan,nan,nan,nan,nan,nan,nan,nan,nan,nan,nan,nan,nan,nan,nan,nan,nan,nan,nan,nan,8.103801727294921875e+00,nan,-3.652880668640136719e+00,8.983355522155761719e+00,9.889545440673828125e+00,1.938010406494140625e+01,2.223653984069824219e+01,2.650088119506835938e+01,2.528370857238769531e+01,2.667322540283203125e+01,2.685887527465820312e+01,2.828258895874023438e+01,2.965942573547363281e+01,3.005030632019042969e+01,2.854214477539062500e+01,2.560940933227539062e+01,2.201137733459472656e+01,2.127869606018066406e+01,2.114259910583496094e+01,2.162545394897460938e+01,2.182024383544921875e+01,2.204943466186523438e+01,2.285722923278808594e+01,2.027043533325195312e+01,1.609157180786132812e+01,2.133385848999023438e+01,2.124247741699218750e+01,1.754530715942382812e+01,1.693749237060546875e+01,1.674968528747558594e+01,1.334395122528076172e+01,9.478735923767089844e+00,5.973239898681640625e+00,1.104277801513671875e+01,7.920228481292724609e+00,-4.343709468841552734e+00,-6.188212037086486816e-01,-3.784425497055053711e+00,-6.704247951507568359e+00,-1.239429759979248047e+01,-1.941372299194335938e+01,-2.189958763122558594e+01,-2.151041984558105469e+01,-2.622012329101562500e+01,-7.989681959152221680e-01,-2.236860513687133789e+00,-2.074751138687133789e+00,-1.072444200515747070e+00,5.840352773666381836e-01,6.051930427551269531e+00,2.275632143020629883e+00,-4.118829250335693359e+00,-5.239518642425537109e+00,-4.997582435607910156e+00,-5.994540691375732422e+00,-5.770538330078125000e+00,-6.327892303466796875e+00,-4.616498947143554688e+00,-1.822520852088928223e+00,-3.306251764297485352e+00,-5.632829666137695312e+00,-5.051689624786376953e+00,1.816554665565490723e+00,-1.857998251914978027e+00,-6.274668216705322266e+00,-7.386338710784912109e-01,-4.837134838104248047e+00,-9.205290794372558594e+00,nan,nan,nan,nan,nan,nan,nan,nan,nan,nan,nan,nan,nan,nan,nan,nan,nan,nan,nan,nan,nan,nan,nan,nan,nan,nan,nan,nan,nan,nan,nan,nan
nan,nan,nan,nan,nan,nan,nan,nan,nan,nan,nan,nan,nan,nan,nan,nan,nan,nan,nan,nan,nan,nan,nan,nan,nan,nan,nan,3.882982492446899414e+00,1.369402885437011719e+01,1.889003372192382812e+01,2.394835281372070312e+01,2.515331077575683594e+01,2.399288940429687500e+01,2.488421249389648438e+01,2.479007339477539062e+01,2.749208259582519531e+01,3.019896697998046875e+01,2.901211547851562500e+01,2.662400245666503906e+01,2.717976760864257812e+01,2.611301994323730469e+01,2.284205055236816406e+01,2.206939315795898438e+01,2.325666046142578125e+01,2.211760711669921875e+01,2.002886390686035156e+01,2.115113830566406250e+01,2.350889968872070312e+01,2.473562622070312500e+01,2.356149864196777344e+01,2.455608177185058594e+01,2.143078804016113281e+01,1.773185157775878906e+01,1.359212589263916016e+01,1.000300788879394531e+01,8.204261779785156250e+00,2.253163099288940430e+00,2.151413440704345703e+00,2.533237934112548828e+00,8.853469848632812500e+00,-2.322665214538574219e+00,nan,nan,-7.857149124145507812e+00,-3.164782524108886719e+00,-6.446605205535888672e+00,-1.134953308105468750e+01,-8.477904319763183594e+00,-1.571502685546875000e+01,3.576822757720947266e+00,-4.008006169927422549e-15,1.888376832008361816e+00,4.362277507781982422e+00,7.265347003936767578e+00,7.606832027435302734e+00,3.649474620819091797e+00,-1.292592763900756836e+00,1.240668594837188721e-01,-9.632111549377441406e+00,-8.399069786071777344e+00,1.884879469871520996e+00,-4.605410397052764893e-01,7.444447278976440430e-01,-3.782838821411132812e+00,-1.477625966072082520e+00,-3.108059763908386230e-01,-2.580106019973754883e+00,5.211457252502441406e+00,-5.685030460357666016e+00,-9.580161094665527344e+00,4.345439434051513672e+00,3.304065465927124023e+00,-1.304934501647949219e+00,7.083678722381591797e+00,nan,nan,nan,nan,nan,nan,nan,nan,nan,nan,nan,nan,nan,nan,nan,nan,nan,nan,nan,nan,nan,nan,nan,nan,nan,nan,nan,nan,nan,nan,nan
nan,nan,nan,nan,nan,nan,nan,nan,nan,nan,nan,nan,nan,nan,nan,nan,nan,nan,nan,nan,nan,nan,nan,nan,nan,9.872744560241699219e+00,4.064514636993408203e+00,4.166211128234863281e+00,8.384598731994628906e+00,1.993502426147460938e+01,2.421541213989257812e+01,2.400629615783691406e+01,2.232024574279785156e+01,2.205844116210937500e+01,2.282943725585937500e+01,2.674221038818359375e+01,2.898612403869628906e+01,2.990970993041992188e+01,2.768309783935546875e+01,2.617572593688964844e+01,2.295265007019042969e+01,2.131417846679687500e+01,2.077382469177246094e+01,2.185259819030761719e+01,2.159649085998535156e+01,1.869207382202148438e+01,2.113688087463378906e+01,2.214689064025878906e+01,2.393666839599609375e+01,2.775373649597167969e+01,2.583631324768066406e+01,2.208075141906738281e+01,1.523042869567871094e+01,1.195842552185058594e+01,3.799919605255126953e+00,1.894111275672912598e+00,nan,-9.928188323974609375e+00,-1.435280442237854004e+00,1.943034149007871747e-04,1.771289587020874023e+00,nan,nan,nan,nan,-1.521240234375000000e+01,nan,-1.576848793029785156e+01,nan,-1.202869129180908203e+01,nan,nan,nan,2.227117776870727539e+00,1.194296169281005859e+01,1.098798942565917969e+01,-6.732275485992431641e-01,-7.695061683654785156e+00,-6.832520961761474609e+00,-3.597307920455932617e+00,-1.406446456909179688e+00,-4.595581531524658203e+00,-4.108852386474609375e+00,-4.212417125701904297e+00,-4.357355117797851562e+00,1.865468859672546387e+00,-1.390212178230285645e+00,-2.330279588699340820e+00,-5.270441532135009766e+00,-8.092417716979980469e-01,1.408392429351806641e+00,7.124592781066894531e+00,2.545216083526611328e+00,3.335815906524658203e+00,nan,nan,nan,nan,nan,nan,nan,nan,nan,nan,nan,nan,nan,nan,nan,nan,nan,nan,nan,nan,nan,nan,nan,nan,nan,nan,nan,nan,nan,nan,nan
nan,nan,nan,nan,nan,nan,nan,nan,nan,nan,nan,nan,nan,nan,nan,nan,nan,nan,nan,nan,nan,nan,nan,nan,9.588227272033691406e+00,1.310087299346923828e+01,9.663038253784179688e+00,7.902965068817138672e+00,1.417831325531005859e+01,2.004696655273437500e+01,2.375446128845214844e+01,2.382308578491210938e+01,2.375788307189941406e+01,2.340968513488769531e+01,2.220246315002441406e+01,2.720991325378417969e+01,2.808859825134277344e+01,2.724752998352050781e+01,2.728344917297363281e+01,2.665528678894042969e+01,2.388895416259765625e+01,2.121100807189941406e+01,2.270048713684082031e+01,2.256554794311523438e+01,2.061212730407714844e+01,2.026406288146972656e+01,2.291367340087890625e+01,2.260304450988769531e+01,2.110133743286132812e+01,2.587454223632812500e+01,2.156709861755371094e+01,2.096187019348144531e+01,1.383232021331787109e+01,4.269266128540039062e+00,-4.299298524856567383e-01,-2.977294325828552246e-01,-1.251136875152587891e+01,3.286652565002441406e+00,nan,nan,nan,nan,nan,nan,nan,nan,nan,nan,nan,nan,nan,nan,nan,nan,7.629709243774414062e+00,1.178106403350830078e+01,2.905559241771697998e-01,-5.852519512176513672e+00,4.916824772953987122e-02,9.729580879211425781e+00,7.883905887603759766e+00,3.670016050338745117e+00,-2.930632829666137695e+00,-2.974854707717895508e+00,-3.569816589355468750e+00,4.948492050170898438e+00,6.714786529541015625e+00,8.016517639160156250e+00,6.175055027008056641e+00,1.000603294372558594e+01,3.900119781494140625e+00,1.461944580078125000e+01,1.911522865295410156e+01,1.633139228820800781e+01,1.243641948699951172e+01,nan,nan,nan,nan,nan,nan,nan,nan,nan,nan,nan,nan,nan,nan,nan,nan,nan,nan,nan,nan,nan,nan,nan,nan,nan,nan,nan,nan,nan,nan
nan,nan,nan,nan,nan,nan,nan,nan,nan,nan,nan,nan,nan,nan,nan,nan,nan,nan,nan,nan,nan,nan,nan,nan,nan,8.697432518005371094e+00,1.039162349700927734e+01,1.050207138061523438e+01,1.334079456329345703e+01,1.830448722839355469e+01,2.174672889709472656e+01,2.234011077880859375e+01,2.241668128967285156e+01,2.316020774841308594e+01,2.391702079772949219e+01,2.457574653625488281e+01,2.642049407958984375e+01,2.629649734497070312e+01,2.262271499633789062e+01,2.153355789184570312e+01,2.272479820251464844e+01,2.233218765258789062e+01,2.155797195434570312e+01,2.274938392639160156e+01,1.929841804504394531e+01,1.806695938110351562e+01,2.128680038452148438e+01,2.478020668029785156e+01,2.523229598999023438e+01,2.277937507629394531e+01,2.006779861450195312e+01,1.699823188781738281e+01,7.853809833526611328e+00,3.939085960388183594e+00,-6.147217750549316406e+00,-9.275224685668945312e+00,nan,nan,nan,nan,nan,nan,nan,nan,nan,nan,nan,nan,nan,nan,nan,nan,nan,nan,nan,1.829361081123352051e+00,2.809676885604858398e+00,5.115542411804199219e+00,1.186405897140502930e+00,1.326902747154235840e+00,-1.246515512466430664e+00,-2.105354785919189453e+00,-1.817637532949447632e-01,-6.196599602699279785e-01,6.626546978950500488e-01,3.537948846817016602e+00,7.103352069854736328e+00,1.048291015625000000e+01,7.322793960571289062e+00,6.177918434143066406e+00,9.202661514282226562e+00,1.753681373596191406e+01,2.332879257202148438e+01,2.011813545227050781e+01,2.065802764892578125e+01,2.016722106933593750e+01,1.801218223571777344e+01,nan,nan,nan,nan,nan,nan,nan,nan,nan,nan,nan,nan,nan,nan,nan,nan,nan,nan,nan,nan,nan,nan,nan,nan,nan,nan,nan,nan
nan,nan,nan,nan,nan,nan,nan,nan,nan,nan,nan,nan,nan,nan,nan,nan,nan,nan,nan,nan,nan,nan,nan,nan,1.080715560913085938e+01,1.126829147338867188e+01,7.743866920471191406e+00,8.800356864929199219e+00,1.487252426147460938e+01,1.739420700073242188e+01,1.922593498229980469e+01,2.111263847351074219e+01,2.140118408203125000e+01,2.264167976379394531e+01,2.222416114807128906e+01,2.263441276550292969e+01,2.520016479492187500e+01,2.354427337646484375e+01,2.147273254394531250e+01,2.027674674987792969e+01,1.873120498657226562e+01,1.918449020385742188e+01,2.011084747314453125e+01,2.157197761535644531e+01,1.981745147705078125e+01,1.852281951904296875e+01,2.321714782714843750e+01,2.220351028442382812e+01,2.426037788391113281e+01,2.236531639099121094e+01,2.045124053955078125e+01,1.176264667510986328e+01,7.235909461975097656e+00,4.204158782958984375e+00,7.860162854194641113e-01,3.149695634841918945e+00,nan,nan,nan,nan,nan,nan,nan,nan,nan,nan,nan,nan,nan,nan,nan,nan,nan,nan,nan,nan,nan,9.397792816162109375e-01,-1.746990233659744263e-01,-1.851886957883834839e-01,-4.809324264526367188e+00,-1.934519886970520020e+00,-1.564745674841105938e-03,1.617316365242004395e+00,9.896469116210937500e-01,6.657519817352294922e+00,6.150768280029296875e+00,1.113082599639892578e+01,8.459627628326416016e-03,-5.393637180328369141e+00,2.291429996490478516e+00,1.552723026275634766e+01,2.226577186584472656e+01,2.085770988464355469e+01,2.216246795654296875e+01,2.253664207458496094e+01,2.309013748168945312e+01,nan,nan,nan,nan,nan,nan,nan,nan,nan,nan,nan,nan,nan,nan,nan,nan,nan,nan,nan,nan,nan,nan,nan,nan,nan,nan,nan,nan
nan,nan,nan,nan,nan,nan,nan,nan,nan,nan,nan,nan,nan,nan,nan,nan,nan,nan,nan,nan,nan,nan,nan,nan,7.666127681732177734e+00,9.325234413146972656e+00,1.544177055358886719e+01,1.575914764404296875e+01,1.701822853088378906e+01,1.935633277893066406e+01,2.045506477355957031e+01,2.278175735473632812e+01,2.426307678222656250e+01,2.446055030822753906e+01,2.156179428100585938e+01,2.368200683593750000e+01,2.276971435546875000e+01,2.183327293395996094e+01,2.103317832946777344e+01,1.897933578491210938e+01,1.827707862854003906e+01,1.877334213256835938e+01,1.925604629516601562e+01,1.909386062622070312e+01,2.560563278198242188e+01,2.378359603881835938e+01,2.208463859558105469e+01,2.297008323669433594e+01,2.195859146118164062e+01,1.721304702758789062e+01,1.408390522003173828e+01,4.678121566772460938e+00,-2.118772029876708984e+00,-6.666212558746337891e+00,4.478553295135498047e+00,nan,nan,nan,nan,nan,nan,nan,nan,nan,nan,nan,nan,nan,nan,nan,nan,nan,nan,nan,nan,nan,nan,nan,nan,nan,nan,nan,nan,nan,-2.399588108062744141e+00,2.686105012893676758e+00,3.481635332107543945e+00,7.128751277923583984e+00,1.522659206390380859e+01,5.302931070327758789e-01,2.719081401824951172e+00,1.081305503845214844e+01,1.174200534820556641e+01,1.524650764465332031e+01,2.141905403137207031e+01,1.968379211425781250e+01,2.171612358093261719e+01,1.793997383117675781e+01,nan,nan,nan,nan,nan,nan,nan,nan,nan,nan,nan,nan,nan,nan,nan,nan,nan,nan,nan,nan,nan,nan,nan,nan,nan,nan,nan
nan,nan,nan,nan,nan,nan,nan,nan,nan,nan,nan,nan,nan,nan,nan,nan,nan,nan,nan,nan,nan,nan,nan,nan,1.004002475738525391e+01,1.068547344207763672e+01,1.270874881744384766e+01,1.532468986511230469e+01,1.818868446350097656e+01,1.931197738647460938e+01,2.114275550842285156e+01,2.174950218200683594e+01,2.095969009399414062e+01,2.299781608581542969e+01,2.101615905761718750e+01,2.250701713562011719e+01,2.079466247558593750e+01,2.050751304626464844e+01,1.984155464172363281e+01,1.802906227111816406e+01,1.747408103942871094e+01,1.892447090148925781e+01,1.842986869812011719e+01,1.921673965454101562e+01,2.521672630310058594e+01,2.258159446716308594e+01,2.238446426391601562e+01,1.980913162231445312e+01,1.522717857360839844e+01,1.859902000427246094e+01,9.001914024353027344e+00,8.278252482414245605e-01,8.046713829040527344e+00,6.035130023956298828e+00,nan,nan,nan,nan,nan,nan,nan,nan,nan,nan,nan,nan,nan,nan,nan,nan,nan,nan,nan,nan,nan,nan,nan,nan,nan,nan,nan,nan,nan,nan,nan,5.536663532257080078e-01,1.031169295310974121e+00,5.514463424682617188e+00,8.216958045959472656e+00,6.078510284423828125e+00,1.555368542671203613e+00,5.711427688598632812e+00,2.659152269363403320e+00,9.115958213806152344e+00,1.397117519378662109e+01,2.476352882385253906e+01,2.350108909606933594e+01,3.203517150878906250e+01,nan,nan,nan,nan,nan,nan,nan,nan,nan,nan,nan,nan,nan,nan,nan,nan,nan,nan,nan,nan,nan,nan,nan,nan,nan,nan,nan
nan,nan,nan,nan,nan,nan,nan,nan,nan,nan,nan,nan,nan,nan,nan,nan,nan,nan,nan,nan,nan,nan,nan,9.608672142028808594e+00,4.441718101501464844e+00,9.978021621704101562e+00,1.186603832244873047e+01,1.480472660064697266e+01,1.810757827758789062e+01,1.854430770874023438e+01,1.997884368896484375e+01,1.890372848510742188e+01,1.989555549621582031e+01,1.914501953125000000e+01,1.965910911560058594e+01,1.928546333312988281e+01,2.004409408569335938e+01,1.951568794250488281e+01,1.837050247192382812e+01,1.770610809326171875e+01,1.684148979187011719e+01,1.748458862304687500e+01,1.841085433959960938e+01,1.879908943176269531e+01,2.084673309326171875e+01,2.074654579162597656e+01,1.900587654113769531e+01,1.063234806060791016e+01,1.279498004913330078e+01,1.350948429107666016e+01,5.358762741088867188e+00,2.784118950366973877e-01,7.069379806518554688e+00,nan,nan,nan,nan,nan,nan,nan,nan,nan,nan,nan,nan,nan,nan,nan,nan,nan,nan,nan,nan,nan,nan,nan,nan,nan,nan,nan,nan,nan,nan,nan,nan,2.582259654998779297e+00,-5.512590885162353516e+00,-2.502393484115600586e+00,-2.017057895660400391e+00,7.450708150863647461e-01,2.271022319793701172e+00,8.240974426269531250e+00,5.130747318267822266e+00,7.044576168060302734e+00,1.283978462219238281e+01,1.366333389282226562e+01,2.385031700134277344e+01,1.422938251495361328e+01,1.387609195709228516e+01,nan,nan,nan,nan,nan,nan,nan,nan,nan,nan,nan,nan,nan,nan,nan,nan,nan,nan,nan,nan,nan,nan,nan,nan,nan,nan
nan,nan,nan,nan,nan,nan,nan,nan,nan,nan,nan,nan,nan,nan,nan,nan,nan,nan,nan,nan,nan,nan,nan,8.914601325988769531e+00,5.910539150238037109e+00,9.150551795959472656e+00,1.232908630371093750e+01,1.382448291778564453e+01,1.677511215209960938e+01,1.860823822021484375e+01,1.908485031127929688e+01,2.043451309204101562e+01,2.079667282104492188e+01,1.920525550842285156e+01,1.970492553710937500e+01,1.864852714538574219e+01,1.965802383422851562e+01,1.921719360351562500e+01,1.800995635986328125e+01,1.752344894409179688e+01,1.624054145812988281e+01,1.590245437622070312e+01,1.600670623779296875e+01,1.529822254180908203e+01,1.540501022338867188e+01,1.587750911712646484e+01,1.672507476806640625e+01,1.368949985504150391e+01,1.129488849639892578e+01,8.990105628967285156e+00,2.698001384735107422e+00,-1.412555426359176636e-01,nan,nan,nan,nan,nan,nan,nan,nan,nan,nan,nan,nan,nan,nan,nan,nan,nan,nan,nan,nan,nan,nan,nan,nan,nan,nan,nan,nan,nan,nan,nan,nan,nan,nan,nan,nan,nan,4.430043697357177734e+00,5.354382514953613281e+00,8.286555409431457520e-01,2.911470890045166016e+00,4.753880500793457031e-01,6.169625759124755859e+00,2.540944480895996094e+01,1.229091453552246094e+01,1.203964328765869141e+01,1.157924270629882812e+01,-4.006168365478515625e+00,7.838907718658447266e+00,nan,nan,nan,nan,nan,nan,nan,nan,nan,nan,nan,nan,nan,nan,nan,nan,nan,nan,nan,nan,nan,nan,nan,nan
nan,nan,nan,nan,nan,nan,nan,nan,nan,nan,nan,nan,nan,nan,nan,nan,nan,nan,nan,nan,nan,nan,nan,nan,nan,3.994572401046752930e+00,1.166553592681884766e+01,1.204211616516113281e+01,1.374322795867919922e+01,1.912767028808593750e+01,1.968287849426269531e+01,2.076997566223144531e+01,2.367515754699707031e+01,2.348615455627441406e+01,2.100419998168945312e+01,1.812100791931152344e+01,1.959393692016601562e+01,1.803547096252441406e+01,1.776921844482421875e+01,1.771068000793457031e+01,1.720576667785644531e+01,1.470574665069580078e+01,1.349791431427001953e+01,1.267471599578857422e+01,9.544629096984863281e+00,1.201425170898437500e+01,1.213138198852539062e+01,1.080923175811767578e+01,7.829881191253662109e+00,1.891197681427001953e+00,4.975033998489379883e-01,5.982652187347412109e+00,nan,nan,nan,nan,nan,nan,nan,nan,nan,nan,nan,nan,nan,nan,nan,nan,nan,nan,nan,nan,nan,nan,nan,nan,nan,nan,nan,nan,nan,nan,nan,nan,nan,nan,nan,nan,nan,nan,nan,nan,nan,nan,8.846328735351562500e+00,8.985709190368652344e+00,9.476531028747558594e+00,-1.715597724914550781e+01,8.479832649230957031e+00,7.617781639099121094e+00,2.328635787963867188e+01,4.886560440063476562e+00,nan,nan,nan,nan,nan,nan,nan,nan,nan,nan,nan,nan,nan,nan,nan,nan,nan,nan,nan,nan,nan,nan,nan
nan,nan,nan,nan,nan,nan,nan,nan,nan,nan,nan,nan,nan,nan,nan,nan,nan,nan,nan,nan,nan,nan,nan,nan,nan,4.200338363647460938e+00,6.987689495086669922e+00,1.160323524475097656e+01,1.276985359191894531e+01,1.578929710388183594e+01,1.821586608886718750e+01,1.861629104614257812e+01,2.205424690246582031e+01,2.392369842529296875e+01,2.169755172729492188e+01,1.810266304016113281e+01,1.512588024139404297e+01,1.438556194305419922e+01,1.824560546875000000e+01,1.779741859436035156e+01,1.541636657714843750e+01,1.356316280364990234e+01,1.077831077575683594e+01,1.012301445007324219e+01,8.652613639831542969e+00,8.488797187805175781e+00,8.959287643432617188e+00,5.689574241638183594e+00,4.907714128494262695e-01,4.061203479766845703e+00,-1.799255728721618652e+00,5.506388187408447266e+00,nan,nan,nan,nan,nan,nan,nan,nan,nan,nan,nan,nan,nan,nan,nan,nan,nan,nan,nan,nan,nan,nan,nan,nan,nan,nan,nan,nan,nan,nan,nan,nan,nan,nan,nan,nan,nan,nan,nan,nan,nan,nan,nan,nan,5.827246665954589844e+00,-1.848193359375000000e+01,5.022304058074951172e+00,4.485598564147949219e+00,3.400054216384887695e+00,5.472280502319335938e+00,4.790771961212158203e+00,nan,nan,nan,nan,nan,nan,nan,nan,nan,nan,nan,nan,nan,nan,nan,nan,nan,nan,nan,nan,nan,nan
nan,nan,nan,nan,nan,nan,nan,nan,nan,nan,nan,nan,nan,nan,nan,nan,nan,nan,nan,nan,nan,nan,nan,nan,nan,2.625212669372558594e+00,5.105743408203125000e+00,1.202075099945068359e+01,1.300649547576904297e+01,1.299780368804931641e+01,1.674626541137695312e+01,1.857659721374511719e+01,1.884674263000488281e+01,1.760267448425292969e+01,1.969625663757324219e+01,2.050958633422851562e+01,1.929275512695312500e+01,1.895026397705078125e+01,1.494714069366455078e+01,1.759996414184570312e+01,1.374723148345947266e+01,1.342914581298828125e+01,1.115134906768798828e+01,9.766807556152343750e+00,7.071592807769775391e+00,6.742725849151611328e+00,5.735565185546875000e+00,5.700232028961181641e+00,2.258443355560302734e+00,4.741582393646240234e+00,nan,nan,nan,nan,nan,nan,nan,nan,nan,nan,nan,nan,nan,nan,nan,nan,nan,nan,nan,nan,nan,nan,nan,nan,nan,nan,nan,nan,nan,nan,nan,nan,nan,nan,nan,nan,nan,nan,nan,nan,nan,nan,nan,nan,nan,nan,nan,-2.797211753204464912e-03,-5.091341212391853333e-02,-4.143485426902770996e-01,-7.598227262496948242e-01,-8.010306954383850098e-01,5.934783816337585449e-01,6.239733695983886719e-01,nan,nan,nan,nan,nan,nan,nan,nan,nan,nan,nan,nan,nan,nan,nan,nan,nan,nan,nan,nan,nan
nan,nan,nan,nan,nan,nan,nan,nan,nan,nan,nan,nan,nan,nan,nan,nan,nan,nan,nan,nan,nan,nan,nan,nan,nan,-7.015246152877807617e-01,1.471538305282592773e+00,5.711914539337158203e+00,9.187805175781250000e+00,1.320326519012451172e+01,1.616505622863769531e+01,1.667197990417480469e+01,1.257185268402099609e+01,1.620348930358886719e+01,1.673767662048339844e+01,2.200264930725097656e+01,2.048122787475585938e+01,1.942750930786132812e+01,1.764158821105957031e+01,1.606356811523437500e+01,1.295284080505371094e+01,1.222893142700195312e+01,1.146342945098876953e+01,8.064783096313476562e+00,5.472061157226562500e+00,5.002809047698974609e+00,5.781450748443603516e+00,5.682601928710937500e+00,5.058564186096191406e+00,4.628668308258056641e+00,nan,nan,nan,nan,nan,nan,nan,nan,nan,nan,nan,nan,nan,nan,nan,nan,nan,nan,nan,nan,nan,nan,nan,nan,nan,nan,nan,nan,nan,nan,nan,nan,nan,nan,nan,nan,nan,nan,nan,nan,nan,nan,nan,nan,nan,nan,nan,nan,-2.703416585922241211e+00,-3.049478292465209961e+00,-3.348387241363525391e+00,-3.243238687515258789e+00,-2.715292930603027344e+00,-2.915546178817749023e+00,nan,nan,nan,nan,nan,nan,nan,nan,nan,nan,nan,nan,nan,nan,nan,nan,nan,nan,nan,nan,nan
nan,nan,nan,nan,nan,nan,nan,nan,nan,nan,nan,nan,nan,nan,nan,nan,nan,nan,nan,nan,nan,nan,nan,nan,nan,6.536462306976318359e+00,3.806061506271362305e+00,5.036835193634033203e+00,6.872110366821289062e+00,1.205778121948242188e+01,9.742055892944335938e+00,1.133146095275878906e+01,1.326484012603759766e+01,1.618566131591796875e+01,1.923767662048339844e+01,1.963572311401367188e+01,1.948815155029296875e+01,1.835908699035644531e+01,1.791444206237792969e+01,1.686794090270996094e+01,1.354322528839111328e+01,1.260418891906738281e+01,1.030113697052001953e+01,8.571562767028808594e+00,2.617275476455688477e+00,5.480629920959472656e+00,4.641719341278076172e+00,5.938572883605957031e+00,5.224154472351074219e+00,3.837387084960937500e+00,5.606298923492431641e+00,nan,nan,nan,nan,nan,nan,nan,nan,nan,nan,nan,nan,nan,nan,nan,nan,nan,nan,nan,nan,nan,nan,nan,nan,nan,nan,nan,nan,nan,nan,nan,nan,nan,nan,nan,nan,nan,nan,nan,nan,nan,nan,nan,nan,nan,nan,nan,-1.781696796417236328e+00,-1.780844569206237793e+00,-1.653762936592102051e+00,5.432323455810546875e+00,5.894954800605773926e-01,-1.485873699188232422e+00,-2.141830921173095703e+00,nan,nan,nan,nan,nan,nan,nan,nan,nan,nan,nan,nan,nan,nan,nan,nan,nan,nan,nan,nan
nan,nan,nan,nan,nan,nan,nan,nan,nan,nan,nan,nan,nan,nan,nan,nan,nan,nan,nan,nan,nan,nan,nan,nan,nan,nan,6.568903923034667969e+00,1.537829518318176270e+00,3.727252006530761719e+00,6.385129928588867188e+00,7.776597499847412109e+00,1.133420085906982422e+01,1.436938953399658203e+01,1.648126029968261719e+01,1.877135848999023438e+01,1.961844825744628906e+01,1.920696640014648438e+01,1.829881477355957031e+01,1.491124153137207031e+01,1.672839546203613281e+01,1.196362113952636719e+01,1.104390048980712891e+01,9.440180778503417969e+00,7.883577823638916016e+00,5.601015090942382812e+00,6.163685798645019531e+00,7.441285610198974609e+00,8.277559280395507812e+00,6.425455570220947266e+00,7.555799007415771484e+00,nan,nan,nan,nan,nan,nan,nan,nan,nan,nan,nan,nan,nan,nan,nan,nan,nan,nan,nan,nan,nan,nan,nan,nan,nan,nan,nan,nan,nan,nan,nan,nan,nan,nan,nan,nan,nan,nan,nan,nan,nan,nan,nan,nan,nan,nan,nan,nan,-9.445588111877441406e+00,1.209253907203674316e+00,1.345184922218322754e+00,6.324166297912597656e+00,4.364018440246582031e+00,-7.329630851745605469e+00,6.787352561950683594e-01,nan,nan,nan,nan,nan,nan,nan,nan,nan,nan,nan,nan,nan,nan,nan,nan,nan,nan,nan,nan
nan,nan,nan,nan,nan,nan,nan,nan,nan,nan,nan,nan,nan,nan,nan,nan,nan,nan,nan,nan,nan,nan,nan,nan,nan,nan,5.729360580444335938e+00,6.663300037384033203e+00,7.685421109199523926e-01,3.482141196727752686e-01,4.880450725555419922e+00,8.925765037536621094e+00,1.568952941894531250e+01,1.526814365386962891e+01,1.534052658081054688e+01,1.882905387878417969e+01,1.879955101013183594e+01,1.768159675598144531e+01,1.774636840820312500e+01,1.699915122985839844e+01,1.240713596343994141e+01,8.791066169738769531e+00,8.166878700256347656e+00,8.188001632690429688e+00,7.180624961853027344e+00,9.351554870605468750e+00,1.048248577117919922e+01,1.067529869079589844e+01,7.163656711578369141e+00,3.865693569183349609e+00,nan,nan,nan,nan,nan,nan,nan,nan,nan,nan,nan,nan,nan,nan,nan,nan,nan,nan,nan,nan,nan,nan,nan,nan,nan,nan,nan,nan,nan,nan,nan,nan,nan,nan,nan,nan,nan,nan,nan,nan,nan,nan,nan,nan,nan,nan,nan,3.453876256942749023e+00,2.181260347366333008e+00,4.049474716186523438e+00,-1.635512924194335938e+01,-1.705686950683593750e+01,-1.039536476135253906e+01,-7.738697528839111328e+00,2.508569717407226562e+00,1.423477411270141602e+00,nan,nan,nan,nan,nan,nan,nan,nan,nan,nan,nan,nan,nan,nan,nan,nan,nan,nan,nan
nan,nan,nan,nan,nan,nan,nan,nan,nan,nan,nan,nan,nan,nan,nan,nan,nan,nan,nan,nan,nan,nan,nan,nan,nan,nan,nan,nan,6.901055335998535156e+00,3.554609298706054688e+00,5.209916114807128906e+00,6.725086212158203125e+00,1.088028144836425781e+01,1.563960170745849609e+01,1.448263072967529297e+01,1.794263076782226562e+01,1.686227989196777344e+01,1.679903602600097656e+01,1.708094787597656250e+01,1.772309875488281250e+01,1.641874504089355469e+01,1.050978851318359375e+01,8.702189445495605469e+00,8.118461608886718750e+00,9.423838615417480469e+00,9.033329963684082031e+00,9.949000358581542969e+00,1.063032150268554688e+01,6.890706539154052734e+00,5.089418888092041016e+00,nan,nan,nan,nan,nan,nan,nan,nan,nan,nan,nan,nan,nan,nan,nan,nan,nan,nan,nan,nan,nan,nan,nan,nan,nan,nan,nan,nan,nan,nan,nan,nan,nan,nan,nan,nan,nan,nan,nan,nan,nan,nan,nan,nan,nan,nan,nan,5.408109664916992188e+00,9.197313189506530762e-01,1.354910850524902344e+01,-2.223394775390625000e+01,-2.273825836181640625e+01,-2.046864509582519531e+01,5.487479686737060547e+00,3.767042875289916992e+00,1.626402497291564941e+00,nan,nan,nan,nan,nan,nan,nan,nan,nan,nan,nan,nan,nan,nan,nan,nan,nan,nan,nan
nan,nan,nan,nan,nan,nan,nan,nan,nan,nan,nan,nan,nan,nan,nan,nan,nan,nan,nan,nan,nan,nan,nan,nan,nan,nan,nan,nan,nan,nan,nan,nan,7.248507499694824219e+00,1.199449825286865234e+01,1.326719760894775391e+01,1.685147666931152344e+01,1.791732978820800781e+01,1.719409751892089844e+01,1.784567832946777344e+01,1.736546516418457031e+01,1.362901115417480469e+01,1.192743873596191406e+01,9.651717185974121094e+00,8.016272544860839844e+00,7.792015075683593750e+00,7.902212142944335938e+00,8.354899406433105469e+00,8.735909461975097656e+00,7.604319095611572266e+00,2.927146911621093750e+00,nan,nan,nan,nan,nan,nan,nan,nan,nan,nan,nan,nan,nan,nan,nan,nan,nan,nan,nan,nan,nan,nan,nan,nan,nan,nan,nan,nan,nan,nan,nan,nan,nan,nan,nan,nan,nan,nan,nan,nan,nan,nan,nan,nan,nan,nan,nan,7.967814445495605469e+00,2.956958770751953125e+00,1.157115650177001953e+01,3.777054977416992188e+01,1.054255104064941406e+01,1.545531368255615234e+01,9.598395347595214844e+00,5.125630378723144531e+00,1.561298847198486328e+00,nan,nan,nan,nan,nan,nan,nan,nan,nan,nan,nan,nan,nan,nan,nan,nan,nan,nan,nan
nan,nan,nan,nan,nan,nan,nan,nan,nan,nan,nan,nan,nan,nan,nan,nan,nan,nan,nan,nan,nan,nan,nan,nan,nan,nan,nan,nan,nan,nan,nan,nan,1.146195793151855469e+01,3.421835899353027344e+00,8.625169754028320312e+00,1.408461570739746094e+01,1.867856597900390625e+01,1.977710151672363281e+01,1.973398971557617188e+01,1.853380584716796875e+01,1.612493324279785156e+01,1.320097351074218750e+01,1.045891189575195312e+01,7.682546138763427734e+00,5.602018356323242188e+00,6.736427307128906250e+00,8.727598190307617188e+00,8.063806533813476562e+00,4.033569812774658203e+00,6.781904697418212891e+00,nan,nan,nan,nan,nan,nan,nan,nan,nan,nan,nan,nan,nan,nan,nan,nan,nan,nan,nan,nan,nan,nan,nan,nan,nan,nan,nan,nan,nan,nan,nan,nan,nan,nan,nan,nan,nan,nan,nan,nan,nan,nan,nan,nan,nan,nan,nan,nan,3.357459783554077148e+00,9.205393791198730469e+00,3.565199661254882812e+01,4.258147811889648438e+01,3.901855468750000000e+01,9.208885192871093750e+00,8.230072975158691406e+00,3.830011367797851562e+00,-1.177941608428955078e+01,-1.059088993072509766e+01,nan,nan,nan,nan,nan,nan,nan,nan,nan,nan,nan,nan,nan,nan,nan,nan,nan
nan,nan,nan,nan,nan,nan,nan,nan,nan,nan,nan,nan,nan,nan,nan,nan,nan,nan,nan,nan,nan,nan,nan,nan,nan,nan,nan,nan,nan,nan,nan,nan,nan,1.253223037719726562e+01,1.417064762115478516e+01,8.047796249389648438e+00,1.086895275115966797e+01,1.618861198425292969e+01,2.265619659423828125e+01,2.104256439208984375e+01,1.636685371398925781e+01,1.241511726379394531e+01,9.881141662597656250e+00,6.866520881652832031e+00,2.395908355712890625e+00,5.475837707519531250e+00,8.010922431945800781e+00,5.522667407989501953e+00,6.354682922363281250e+00,nan,nan,nan,nan,nan,nan,nan,nan,nan,nan,nan,nan,nan,nan,nan,nan,nan,nan,nan,nan,nan,nan,nan,nan,nan,nan,nan,nan,nan,nan,nan,nan,nan,nan,nan,nan,nan,nan,nan,nan,nan,nan,nan,nan,nan,nan,nan,nan,nan,1.857973670959472656e+01,-3.926009178161621094e+00,1.180533170700073242e+00,4.078650283813476562e+01,3.863585281372070312e+01,2.829723930358886719e+01,5.648246288299560547e+00,-6.813126802444458008e-01,-2.278802490234375000e+01,-4.234796905517578125e+01,-1.802487945556640625e+01,nan,nan,nan,nan,nan,nan,nan,nan,nan,nan,nan,nan,nan,nan,nan,nan
nan,nan,nan,nan,nan,nan,nan,nan,nan,nan,nan,nan,nan,nan,nan,nan,nan,nan,nan,nan,nan,nan,nan,nan,nan,nan,nan,nan,nan,nan,nan,nan,nan,nan,nan,nan,1.576866245269775391e+01,1.579829692840576172e+01,2.270894432067871094e+01,1.883170890808105469e+01,1.766151428222656250e+01,1.238764381408691406e+01,8.798926353454589844e+00,6.216081619262695312e+00,4.023262500762939453e+00,1.881014227867126465e+00,1.757289528846740723e+00,5.878848552703857422e+00,nan,nan,nan,nan,nan,nan,nan,nan,nan,nan,nan,nan,nan,nan,nan,nan,nan,nan,nan,nan,nan,nan,nan,nan,nan,nan,nan,nan,nan,nan,nan,nan,nan,nan,nan,nan,nan,nan,nan,nan,nan,nan,nan,nan,nan,nan,nan,nan,nan,nan,nan,1.342058181762695312e+00,1.437065792083740234e+01,3.734591674804687500e+01,3.501391220092773438e+01,2.620636367797851562e+01,7.094403266906738281e+00,-2.818571805953979492e+00,-2.398908042907714844e+01,-3.910293579101562500e+01,-2.824041938781738281e+01,-2.304272270202636719e+01,-2.771162033081054688e+01,nan,nan,nan,nan,nan,nan,nan,nan,nan,nan,nan,nan,nan,nan
nan,nan,nan,nan,nan,nan,nan,nan,nan,nan,nan,nan,nan,nan,nan,nan,nan,nan,nan,nan,nan,nan,nan,nan,nan,nan,nan,nan,nan,nan,nan,nan,nan,nan,nan,nan,nan,1.558258056640625000e+01,1.693222618103027344e+01,1.998628616333007812e+01,1.279645347595214844e+01,3.759516000747680664e+00,5.520230293273925781e+00,4.915050983428955078e+00,1.556944251060485840e+00,8.465843796730041504e-01,5.513550758361816406e+00,nan,nan,nan,nan,nan,nan,nan,nan,nan,nan,nan,nan,nan,nan,nan,nan,nan,nan,nan,nan,nan,nan,nan,nan,nan,nan,nan,nan,nan,nan,nan,nan,nan,nan,nan,nan,nan,nan,nan,nan,nan,nan,nan,nan,nan,nan,nan,nan,nan,nan,nan,nan,2.865415000915527344e+01,4.194655227661132812e+01,4.134423065185546875e+01,3.303062438964843750e+01,3.187110900878906250e+01,9.724560737609863281e+00,1.708657480776309967e-02,-2.351019859313964844e+01,-3.798460769653320312e+01,-2.849907302856445312e+01,-3.094831085205078125e+01,nan,nan,nan,nan,nan,nan,nan,nan,nan,nan,nan,nan,nan,nan,nan
nan,nan,nan,nan,nan,nan,nan,nan,nan,nan,nan,nan,nan,nan,nan,nan,nan,nan,nan,nan,nan,nan,2.222548294067382812e+01,2.136015892028808594e+01,nan,nan,nan,nan,nan,nan,nan,nan,nan,nan,nan,nan,nan,nan,nan,1.381633663177490234e+01,6.160501837730407715e-01,1.087383842468261719e+01,9.343348503112792969e+00,nan,nan,nan,nan,nan,nan,nan,nan,nan,nan,nan,nan,nan,nan,nan,nan,nan,nan,nan,nan,nan,nan,nan,nan,nan,nan,nan,nan,nan,nan,nan,nan,nan,nan,nan,nan,nan,nan,nan,nan,nan,nan,nan,nan,nan,nan,nan,nan,nan,nan,nan,nan,nan,nan,nan,nan,2.950016403198242188e+01,5.911476516723632812e+01,6.144102478027343750e+01,4.242908096313476562e+01,2.149843406677246094e+01,6.812642097473144531e+00,-2.424488067626953125e+00,-3.155502510070800781e+01,-3.159937095642089844e+01,-2.003613662719726562e+01,-2.341803550720214844e+01,nan,nan,nan,nan,nan,nan,nan,nan,nan,nan,nan,nan,nan,nan,nan
nan,nan,nan,nan,nan,nan,nan,nan,nan,nan,nan,nan,nan,nan,nan,nan,nan,nan,nan,nan,nan,nan,1.788039398193359375e+01,1.624098587036132812e+01,1.538549041748046875e+01,1.449361610412597656e+01,nan,nan,nan,nan,nan,nan,nan,nan,nan,nan,nan,nan,nan,nan,nan,nan,nan,nan,nan,nan,nan,nan,nan,nan,nan,nan,nan,nan,nan,nan,nan,nan,nan,nan,nan,nan,nan,nan,nan,nan,nan,nan,nan,nan,nan,nan,nan,nan,nan,nan,nan,nan,nan,nan,nan,nan,nan,nan,nan,nan,nan,nan,nan,nan,nan,nan,nan,nan,nan,nan,nan,nan,nan,nan,6.358094024658203125e+01,4.554090881347656250e+01,2.754451370239257812e+01,1.255890846252441406e+01,2.160587072372436523e+00,-6.752337455749511719e+00,-2.545483016967773438e+01,-2.503425598144531250e+01,-2.675125503540039062e+01,-2.515424919128417969e+01,nan,nan,nan,nan,nan,nan,nan,nan,nan,nan,nan,nan,nan,nan,nan
nan,nan,nan,nan,nan,nan,nan,nan,nan,nan,nan,nan,nan,nan,nan,nan,nan,nan,nan,nan,nan,nan,nan,1.399286270141601562e+01,3.262941360473632812e+01,1.277955627441406250e+01,1.212454986572265625e+01,nan,nan,nan,nan,nan,nan,nan,nan,nan,nan,nan,nan,nan,nan,nan,nan,nan,nan,nan,nan,nan,nan,nan,nan,nan,nan,nan,nan,nan,nan,nan,nan,nan,nan,nan,nan,nan,nan,nan,nan,nan,nan,nan,nan,nan,nan,nan,nan,nan,nan,nan,nan,nan,nan,nan,nan,nan,nan,nan,nan,nan,nan,nan,nan,nan,nan,nan,nan,nan,nan,nan,2.920541572570800781e+01,2.697974014282226562e+01,2.386580657958984375e+01,2.017617416381835938e+01,1.779097747802734375e+01,1.382916259765625000e+01,8.011877059936523438e+00,3.075012445449829102e+00,-2.028423690795898438e+01,-2.147646522521972656e+01,-2.001731300354003906e+01,-1.867052650451660156e+01,-3.073597908020019531e+01,nan,nan,nan,nan,nan,nan,nan,nan,nan,nan,nan,nan,nan,nan
nan,nan,nan,nan,nan,nan,nan,nan,nan,nan,nan,nan,nan,nan,nan,nan,nan,nan,nan,nan,nan,nan,1.526680755615234375e+01,1.407105827331542969e+01,1.337831878662109375e+01,1.267690277099609375e+01,1.197966003417968750e+01,nan,nan,nan,nan,nan,nan,nan,nan,nan,nan,nan,nan,nan,nan,nan,nan,nan,nan,nan,nan,nan,nan,nan,nan,nan,nan,nan,nan,nan,nan,nan,nan,nan,nan,nan,nan,nan,nan,nan,nan,nan,nan,nan,nan,nan,nan,nan,nan,nan,nan,nan,nan,nan,nan,nan,nan,nan,nan,nan,nan,nan,nan,nan,nan,nan,nan,nan,nan,nan,nan,nan,nan,nan,2.124189186096191406e+01,1.771520996093750000e+01,2.750018501281738281e+01,1.452466392517089844e+01,7.187690258026123047e+00,-7.407226085662841797e+00,-6.375732898712158203e+00,-1.100987815856933594e+01,-1.103515911102294922e+01,-3.146236038208007812e+01,-3.139269638061523438e+01,nan,nan,nan,nan,nan,nan,nan,nan,nan,nan,nan,nan,nan,nan
nan,nan,nan,nan,nan,nan,nan,nan,nan,nan,nan,nan,nan,nan,nan,nan,nan,nan,nan,nan,nan,nan,1.690262985229492188e+01,1.579953956604003906e+01,1.520452117919921875e+01,1.094042968750000000e+01,5.306198596954345703e+00,1.276084327697753906e+01,nan,nan,nan,nan,nan,nan,nan,nan,nan,nan,nan,nan,nan,nan,nan,nan,nan,nan,nan,nan,nan,nan,nan,nan,nan,nan,nan,nan,nan,nan,nan,nan,nan,nan,nan,nan,nan,nan,nan,nan,nan,nan,nan,nan,nan,nan,nan,nan,nan,nan,nan,nan,nan,nan,nan,nan,nan,nan,nan,nan,nan,nan,nan,nan,nan,nan,nan,nan,nan,nan,nan,2.008324432373046875e+01,-9.474599361419677734e-01,3.222856998443603516e+00,2.803608703613281250e+01,1.425937747955322266e+01,1.347221755981445312e+01,-7.107787609100341797e+00,-1.610566711425781250e+01,-3.574904632568359375e+01,-3.575211715698242188e+01,-3.142113113403320312e+01,-4.400079345703125000e+01,-5.957765197753906250e+01,nan,nan,nan,nan,nan,nan,nan,nan,nan,nan,nan,nan,nan
nan,nan,nan,nan,nan,nan,nan,nan,nan,nan,nan,nan,nan,nan,nan,nan,nan,nan,nan,nan,nan,nan,1.822185325622558594e+01,2.064882659912109375e+01,1.425848960876464844e+01,9.682757377624511719e+00,7.697834491729736328e+00,1.065501794219017029e-01,nan,nan,nan,nan,nan,nan,nan,nan,nan,nan,nan,nan,nan,nan,nan,nan,nan,nan,nan,nan,nan,nan,nan,nan,nan,nan,nan,nan,nan,nan,nan,nan,nan,nan,nan,nan,nan,nan,nan,nan,nan,nan,nan,nan,nan,nan,nan,nan,nan,nan,nan,nan,nan,nan,nan,nan,nan,nan,nan,nan,nan,nan,nan,nan,nan,nan,nan,nan,nan,nan,nan,1.496645927429199219e+01,1.879354834556579590e+00,6.212548732757568359e+00,1.992698287963867188e+01,2.569919204711914062e+01,4.816454887390136719e+00,7.168332576751708984e+00,-2.610447883605957031e+01,-3.979185867309570312e+01,-3.115604019165039062e+01,-3.920274353027343750e+01,-3.967581558227539062e+01,-6.198440551757812500e+01,-3.514104080200195312e+01,nan,nan,nan,nan,nan,nan,nan,nan,nan,nan,nan,nan
nan,nan,nan,nan,nan,nan,nan,nan,nan,nan,nan,nan,nan,nan,nan,nan,nan,nan,nan,nan,nan,nan,1.196351814270019531e+01,1.281676959991455078e+01,1.204183959960937500e+01,9.900167465209960938e+00,8.461445808410644531e+00,1.037136650085449219e+01,nan,nan,nan,nan,nan,nan,nan,nan,nan,nan,nan,nan,nan,nan,nan,nan,nan,nan,nan,nan,nan,nan,nan,nan,nan,nan,nan,nan,nan,nan,nan,nan,nan,nan,nan,nan,nan,nan,nan,nan,nan,nan,nan,nan,nan,nan,nan,nan,nan,nan,nan,nan,nan,nan,nan,nan,nan,nan,nan,nan,nan,nan,nan,nan,nan,nan,nan,nan,nan,nan,9.765454292297363281e+00,1.075981903076171875e+01,1.040770339965820312e+01,1.505966377258300781e+01,3.603810071945190430e+00,4.400793075561523438e+00,5.002054691314697266e+00,1.986221909523010254e+00,-1.559990501403808594e+01,-3.054380989074707031e+01,-4.301802444458007812e+01,-4.419173812866210938e+01,-4.772999191284179688e+01,-3.394184494018554688e+01,-3.426191711425781250e+01,-3.419972991943359375e+01,nan,nan,nan,nan,nan,nan,nan,nan,nan,nan,nan
nan,nan,nan,nan,nan,nan,nan,nan,nan,nan,nan,nan,nan,nan,nan,nan,nan,nan,nan,nan,nan,nan,3.518121719360351562e+01,1.562123584747314453e+01,1.411097431182861328e+01,9.071437835693359375e+00,7.725505828857421875e+00,2.267183494567871094e+01,2.310665702819824219e+01,2.381949806213378906e+01,2.363124465942382812e+01,2.318332862854003906e+01,2.261888694763183594e+01,nan,nan,nan,nan,nan,nan,nan,nan,nan,nan,nan,nan,nan,nan,nan,nan,nan,nan,nan,nan,nan,nan,nan,nan,nan,nan,nan,nan,nan,nan,nan,nan,nan,nan,nan,nan,nan,nan,nan,nan,nan,nan,nan,nan,nan,nan,nan,nan,nan,nan,nan,nan,nan,nan,nan,nan,nan,nan,nan,nan,nan,nan,nan,nan,nan,nan,nan,nan,8.188623428344726562e+00,4.738769054412841797e+00,1.900117278099060059e+00,3.099324941635131836e+00,-1.647440314292907715e+00,-7.121615886688232422e+00,-1.893278312683105469e+01,-3.999522781372070312e+01,-3.665035247802734375e+01,-3.714199066162109375e+01,-3.226635360717773438e+01,-1.275496006011962891e+01,-3.300225067138671875e+01,nan,nan,nan,nan,nan,nan,nan,nan,nan,nan,nan
nan,nan,nan,nan,nan,nan,nan,nan,nan,nan,nan,nan,nan,nan,nan,nan,nan,nan,nan,nan,nan,nan,2.228039169311523438e+01,3.308361816406250000e+01,2.083540344238281250e+01,3.903809356689453125e+01,3.734507369995117188e+01,2.526849555969238281e+01,2.583809089660644531e+01,2.661732292175292969e+01,1.240199506282806396e-01,2.548650741577148438e+01,nan,nan,nan,nan,nan,nan,nan,nan,nan,nan,nan,nan,nan,nan,nan,nan,nan,nan,nan,nan,nan,nan,nan,nan,nan,nan,nan,nan,nan,nan,nan,nan,nan,nan,nan,nan,nan,nan,nan,nan,nan,nan,nan,nan,nan,nan,nan,nan,nan,nan,nan,nan,nan,nan,nan,nan,nan,nan,nan,nan,nan,nan,nan,nan,nan,nan,nan,nan,nan,7.346831321716308594e+00,nan,nan,nan,3.454981488175690174e-04,-6.925540924072265625e+00,-1.267644119262695312e+01,-3.718358230590820312e+01,-2.685386657714843750e+01,-2.303223037719726562e+01,-3.104563140869140625e+01,-1.439887905120849609e+01,-3.167036056518554688e+01,nan,nan,nan,nan,nan,nan,nan,nan,nan,nan,nan
nan,nan,nan,nan,nan,nan,nan,nan,nan,nan,nan,nan,nan,nan,nan,nan,nan,nan,nan,nan,nan,nan,nan,1.861482238769531250e+01,1.959784126281738281e+01,3.985770416259765625e+01,4.791652679443359375e+01,4.077742004394531250e+01,3.557083892822265625e+01,2.921064758300781250e+01,2.825219154357910156e+01,6.619929313659667969e+00,nan,nan,nan,nan,nan,nan,nan,nan,nan,nan,nan,nan,nan,nan,nan,nan,nan,nan,nan,nan,nan,nan,nan,nan,nan,nan,nan,nan,nan,nan,nan,nan,nan,nan,nan,nan,nan,nan,nan,nan,nan,nan,nan,nan,nan,nan,nan,nan,nan,nan,nan,nan,nan,nan,nan,nan,nan,nan,nan,nan,nan,nan,nan,nan,nan,nan,nan,nan,nan,nan,nan,nan,nan,2.630568981170654297e+00,-5.643384456634521484e+00,-1.143452835083007812e+01,nan,-3.388101196289062500e+01,-2.763357925415039062e+01,-2.120209884643554688e+01,-3.046082687377929688e+01,nan,nan,nan,nan,nan,nan,nan,nan,nan,nan,nan,nan
nan,nan,nan,nan,nan,nan,nan,nan,nan,nan,nan,nan,nan,nan,nan,nan,nan,nan,nan,nan,nan,nan,nan,2.606704139709472656e+01,2.094659805297851562e+01,3.992791366577148438e+01,4.271701049804687500e+01,3.415089416503906250e+01,2.963211059570312500e+01,3.853787231445312500e+01,3.473601150512695312e+01,1.732485008239746094e+01,2.680840492248535156e+01,nan,nan,nan,nan,nan,nan,nan,nan,nan,nan,nan,nan,nan,nan,nan,nan,nan,nan,nan,nan,nan,nan,nan,nan,nan,nan,nan,nan,nan,nan,nan,nan,nan,nan,nan,nan,nan,nan,nan,nan,nan,nan,nan,nan,nan,nan,nan,nan,nan,nan,nan,nan,nan,nan,nan,nan,nan,nan,nan,nan,nan,nan,nan,nan,nan,nan,nan,nan,nan,nan,nan,-4.778155326843261719e+00,7.964822292327880859e+00,-1.800100517272949219e+01,-2.116718864440917969e+01,-3.285862731933593750e+01,-3.589685058593750000e+01,-3.357545852661132812e+01,-2.342238426208496094e+01,-3.077461624145507812e+01,nan,nan,nan,nan,nan,nan,nan,nan,nan,nan,nan,nan
nan,nan,nan,nan,nan,nan,nan,nan,nan,nan,nan,nan,nan,nan,nan,nan,nan,nan,nan,nan,nan,nan,nan,2.771600914001464844e+01,1.882929229736328125e+01,3.646821975708007812e+01,3.950737380981445312e+01,3.558653640747070312e+01,2.952877044677734375e+01,3.519514465332031250e+01,3.856498336791992188e+01,1.984860420227050781e+01,2.715517425537109375e+01,nan,nan,nan,nan,nan,nan,nan,nan,nan,nan,nan,nan,nan,nan,nan,nan,nan,nan,nan,nan,nan,nan,nan,nan,nan,nan,nan,nan,nan,nan,nan,nan,nan,nan,nan,nan,nan,nan,nan,nan,nan,nan,nan,nan,nan,nan,nan,nan,nan,nan,nan,nan,nan,nan,nan,nan,nan,nan,nan,nan,nan,nan,nan,nan,nan,nan,nan,nan,nan,nan,nan,nan,9.853392601013183594e+00,-1.323399925231933594e+01,6.085188388824462891e+00,-3.268486404418945312e+01,-3.500366973876953125e+01,-2.889450645446777344e+01,-2.937430572509765625e+01,nan,-2.741906166076660156e+01,nan,nan,nan,nan,nan,nan,nan,nan,nan,nan,nan
nan,nan,nan,nan,nan,nan,nan,nan,nan,nan,nan,nan,nan,nan,nan,nan,nan,nan,nan,nan,nan,nan,2.765075111389160156e+01,2.220862579345703125e+01,1.678815078735351562e+01,2.844163703918457031e+01,3.489254379272460938e+01,3.578601455688476562e+01,3.896414947509765625e+01,3.312771987915039062e+01,3.290294265747070312e+01,2.171848106384277344e+01,nan,nan,nan,nan,nan,nan,nan,nan,nan,nan,nan,nan,nan,nan,nan,nan,nan,nan,nan,nan,nan,nan,nan,nan,nan,nan,nan,nan,nan,nan,nan,nan,nan,nan,nan,nan,nan,nan,nan,nan,nan,nan,nan,nan,nan,nan,nan,nan,nan,nan,nan,nan,nan,nan,nan,nan,nan,nan,nan,nan,nan,nan,nan,nan,nan,nan,nan,nan,nan,nan,nan,nan,nan,-4.760000705718994141e+00,1.638266754150390625e+01,3.268896579742431641e+00,-1.872642135620117188e+01,-3.099100875854492188e+01,-2.361910057067871094e+01,nan,-2.542982101440429688e+01,-2.752413749694824219e+01,nan,nan,nan,nan,nan,nan,nan,nan,nan,nan,nan
nan,nan,nan,nan,nan,nan,nan,nan,nan,nan,nan,nan,nan,nan,nan,nan,nan,nan,nan,nan,nan,nan,2.685077476501464844e+01,2.436178970336914062e+01,1.383012580871582031e+01,1.558030891418457031e+01,3.191445350646972656e+01,3.403521347045898438e+01,3.315218734741210938e+01,3.419667053222656250e+01,2.925818443298339844e+01,2.931042671203613281e+01,nan,nan,nan,nan,nan,nan,nan,nan,nan,nan,nan,nan,nan,nan,nan,nan,nan,nan,nan,nan,nan,nan,nan,nan,nan,nan,nan,nan,nan,nan,nan,nan,nan,nan,nan,nan,nan,nan,nan,nan,nan,nan,nan,nan,nan,nan,nan,nan,nan,nan,nan,nan,nan,nan,nan,nan,nan,nan,nan,nan,nan,nan,nan,nan,nan,nan,nan,nan,nan,nan,nan,nan,nan,-8.168602943420410156e+00,1.619398880004882812e+01,1.967371582984924316e+00,-7.129334449768066406e+00,-2.678604125976562500e+01,-2.901596450805664062e+01,-1.981654930114746094e+01,-2.410486412048339844e+01,nan,nan,nan,nan,nan,nan,nan,nan,nan,nan,nan,nan
nan,nan,nan,nan,nan,nan,nan,nan,nan,nan,nan,nan,nan,nan,nan,nan,nan,nan,nan,nan,nan,nan,2.727277374267578125e+01,3.255072021484375000e+01,1.930858993530273438e+01,nan,2.371418952941894531e+01,2.571362495422363281e+01,3.240678405761718750e+01,2.633770370483398438e+01,2.735740089416503906e+01,nan,nan,nan,nan,nan,nan,nan,nan,nan,nan,nan,nan,nan,nan,nan,nan,nan,nan,nan,nan,nan,nan,nan,nan,nan,nan,nan,nan,nan,nan,nan,nan,nan,nan,nan,nan,nan,nan,nan,nan,nan,nan,nan,nan,nan,nan,nan,nan,nan,nan,nan,nan,nan,nan,nan,nan,nan,nan,nan,nan,nan,nan,nan,nan,nan,nan,nan,nan,nan,nan,nan,nan,nan,2.519337177276611328e+00,3.062668561935424805e+00,1.533852863311767578e+01,5.459980010986328125e+00,4.321844100952148438e+00,-1.271366024017333984e+01,-3.048010253906250000e+01,nan,nan,nan,nan,nan,nan,nan,nan,nan,nan,nan,nan,nan,nan
nan,nan,nan,nan,nan,nan,nan,nan,nan,nan,nan,nan,nan,nan,nan,nan,nan,nan,nan,nan,nan,nan,4.546723937988281250e+01,3.614090347290039062e+01,1.655748367309570312e+01,nan,1.844743347167968750e+01,3.041270637512207031e+01,2.985697555541992188e+01,2.261511230468750000e+01,1.661488914489746094e+01,nan,nan,nan,nan,nan,nan,nan,nan,nan,nan,nan,nan,nan,nan,nan,nan,nan,nan,nan,nan,nan,nan,nan,nan,nan,nan,nan,nan,nan,nan,nan,nan,nan,nan,nan,nan,nan,nan,nan,nan,nan,nan,nan,nan,nan,nan,nan,nan,nan,nan,nan,nan,nan,nan,nan,nan,nan,nan,nan,nan,nan,nan,nan,nan,nan,nan,nan,nan,nan,nan,nan,nan,nan,4.158770084381103516e+00,3.506322622299194336e+00,1.189293575286865234e+01,1.402973461151123047e+01,1.030870246887207031e+01,-2.486779594421386719e+01,-3.282139587402343750e+01,nan,nan,nan,nan,nan,nan,nan,nan,nan,nan,nan,nan,nan,nan
nan,nan,nan,nan,nan,nan,nan,nan,nan,nan,nan,nan,nan,nan,nan,nan,nan,nan,nan,nan,nan,nan,4.577173233032226562e+01,3.647736358642578125e+01,2.579472351074218750e+01,4.709870338439941406e+00,3.352747726440429688e+01,3.006155967712402344e+01,3.025140380859375000e+01,2.747851371765136719e+01,2.896782302856445312e+01,nan,nan,nan,nan,nan,nan,nan,nan,nan,nan,nan,nan,nan,nan,nan,nan,nan,nan,nan,nan,nan,nan,nan,nan,nan,nan,nan,nan,nan,nan,nan,nan,nan,nan,nan,nan,nan,nan,nan,nan,nan,nan,nan,nan,nan,nan,nan,nan,nan,nan,nan,nan,nan,nan,nan,nan,nan,nan,nan,nan,nan,nan,nan,nan,nan,nan,nan,nan,nan,nan,nan,nan,nan,4.888822555541992188e+00,nan,8.470528602600097656e+00,1.140904235839843750e+01,-3.586738109588623047e+00,-2.572171401977539062e+01,-2.884428596496582031e+01,nan,nan,nan,nan,nan,nan,nan,nan,nan,nan,nan,nan,nan,nan
nan,nan,nan,nan,nan,nan,nan,nan,nan,nan,nan,nan,nan,nan,nan,nan,nan,nan,nan,nan,3.255800247192382812e+01,3.293660354614257812e+01,3.518559265136718750e+01,3.299317169189453125e+01,1.696015894412994385e-01,7.030192375183105469e+00,1.584324932098388672e+01,1.926961708068847656e+01,3.200174713134765625e+01,3.190513610839843750e+01,2.914738082885742188e+01,nan,nan,nan,nan,nan,nan,nan,nan,nan,nan,nan,nan,nan,nan,nan,nan,nan,nan,nan,nan,nan,nan,nan,nan,nan,nan,nan,nan,nan,nan,nan,nan,nan,nan,nan,nan,nan,nan,nan,nan,nan,nan,nan,nan,nan,nan,nan,nan,nan,nan,nan,nan,nan,nan,nan,nan,nan,nan,nan,nan,nan,nan,nan,nan,nan,nan,nan,nan,nan,nan,nan,nan,nan,4.716288089752197266e+00,1.470056653022766113e+00,1.066883444786071777e+00,6.952233314514160156e-01,-6.166306972503662109e+00,-9.147193908691406250e+00,-1.876545143127441406e+01,nan,nan,nan,nan,nan,nan,nan,nan,nan,nan,nan,nan,nan,nan
nan,nan,nan,nan,nan,nan,nan,nan,nan,nan,nan,nan,nan,nan,nan,nan,nan,nan,nan,nan,nan,4.309277725219726562e+01,3.899097442626953125e+01,3.326321792602539062e+01,3.497886276245117188e+01,1.042781162261962891e+01,1.247515010833740234e+01,2.812774658203125000e+01,3.758862686157226562e+01,3.411622619628906250e+01,nan,nan,nan,nan,nan,nan,nan,nan,nan,nan,nan,nan,nan,nan,nan,nan,nan,nan,nan,nan,nan,nan,nan,nan,nan,nan,nan,nan,nan,nan,nan,nan,nan,nan,nan,nan,nan,nan,nan,nan,nan,nan,nan,nan,nan,nan,nan,nan,nan,nan,nan,nan,nan,nan,nan,nan,nan,nan,nan,nan,nan,nan,nan,nan,nan,nan,nan,nan,nan,nan,nan,nan,nan,nan,nan,nan,nan,8.615494728088378906e+00,-1.574712157249450684e+00,-4.057519912719726562e+00,-7.881606578826904297e+00,-7.481522083282470703e+00,nan,nan,nan,nan,nan,nan,nan,nan,nan,nan,nan,nan,nan
nan,nan,nan,nan,nan,nan,nan,nan,nan,nan,nan,nan,nan,nan,nan,nan,nan,nan,nan,nan,nan,3.738950347900390625e+01,4.103751754760742188e+01,2.726200866699218750e+01,8.149585723876953125e+00,3.343813419342041016e+00,1.114435672760009766e+01,4.101379776000976562e+01,3.691743469238281250e+01,3.630168533325195312e+01,nan,nan,nan,nan,nan,nan,nan,nan,nan,nan,nan,nan,nan,nan,nan,nan,nan,nan,nan,nan,nan,nan,nan,nan,nan,nan,nan,nan,nan,nan,nan,nan,nan,nan,nan,nan,nan,nan,nan,nan,nan,nan,nan,nan,nan,nan,nan,nan,nan,nan,nan,nan,nan,nan,nan,nan,nan,nan,nan,nan,nan,nan,nan,nan,nan,nan,nan,nan,nan,nan,nan,nan,nan,nan,nan,nan,nan,-3.048403739929199219e+00,1.373666048049926758e+00,-1.039943218231201172e+00,-5.524352550506591797e+00,-1.614098167419433594e+01,nan,nan,nan,nan,nan,nan,nan,nan,nan,nan,nan,nan,nan
nan,nan,nan,nan,nan,nan,nan,nan,nan,nan,nan,nan,nan,nan,nan,nan,nan,nan,nan,nan,nan,2.798395919799804688e+01,3.987882614135742188e+01,3.011335754394531250e+01,1.575062274932861328e+01,4.245722770690917969e+00,9.635201454162597656e+00,3.624574279785156250e+01,3.609912872314453125e+01,3.134332847595214844e+01,3.079781341552734375e+01,nan,nan,nan,nan,nan,nan,nan,nan,nan,nan,nan,nan,nan,nan,nan,nan,nan,nan,nan,nan,nan,nan,nan,nan,nan,nan,nan,nan,nan,nan,nan,nan,nan,nan,nan,nan,nan,nan,nan,nan,nan,nan,nan,nan,nan,nan,nan,nan,nan,nan,nan,nan,nan,nan,nan,nan,nan,nan,nan,nan,nan,nan,nan,nan,nan,nan,nan,nan,nan,nan,nan,nan,nan,nan,nan,nan,nan,4.898488223552703857e-01,-3.668107748031616211e+00,-5.080923557281494141e+00,-1.273851633071899414e+00,nan,nan,nan,nan,nan,nan,nan,nan,nan,nan,nan,nan,nan
nan,nan,nan,nan,nan,nan,nan,nan,nan,nan,nan,nan,nan,nan,nan,nan,nan,nan,nan,nan,nan,2.772846984863281250e+01,3.024857330322265625e+01,3.572256469726562500e+01,1.850141143798828125e+01,1.352847480773925781e+01,2.896795654296875000e+01,3.522864151000976562e+01,3.593576812744140625e+01,3.441527938842773438e+01,3.132578086853027344e+01,nan,nan,nan,nan,nan,nan,nan,nan,nan,nan,nan,nan,nan,nan,nan,nan,nan,nan,nan,nan,nan,nan,nan,nan,nan,nan,nan,nan,nan,nan,nan,nan,nan,nan,nan,nan,nan,nan,nan,nan,nan,nan,nan,nan,nan,nan,nan,nan,nan,nan,nan,nan,nan,nan,nan,nan,nan,nan,nan,nan,nan,nan,nan,nan,nan,nan,nan,nan,nan,nan,nan,nan,nan,nan,nan,nan,nan,5.019675493240356445e-01,-1.074556231498718262e+00,-1.752135157585144043e+00,-5.627667427062988281e+00,nan,nan,nan,nan,nan,nan,nan,nan,nan,nan,nan,nan,nan
nan,nan,nan,nan,nan,nan,nan,nan,nan,nan,nan,nan,nan,nan,nan,nan,nan,nan,nan,nan,nan,nan,2.377554321289062500e+01,3.395274353027343750e+01,3.623769378662109375e+01,3.589810943603515625e+01,3.703692245483398438e+01,3.369802474975585938e+01,3.635914611816406250e+01,3.491944503784179688e+01,3.016699981689453125e+01,2.410321807861328125e+01,1.552779483795166016e+01,2.786945533752441406e+01,nan,nan,nan,nan,nan,nan,nan,nan,nan,nan,nan,nan,nan,nan,nan,nan,nan,nan,nan,nan,nan,nan,nan,nan,nan,nan,nan,nan,nan,nan,nan,nan,nan,nan,nan,nan,nan,nan,nan,nan,nan,nan,nan,nan,nan,nan,nan,nan,nan,nan,nan,nan,nan,nan,nan,nan,nan,nan,nan,nan,nan,nan,nan,nan,nan,nan,nan,nan,nan,nan,nan,-4.031271934509277344e+00,2.240642786026000977e+00,2.053728818893432617e+00,2.088254928588867188e+00,-1.782744979858398438e+01,-5.373336791992187500e+00,nan,nan,nan,nan,nan,nan,nan,nan,nan,nan,nan,nan,nan,nan
nan,nan,nan,nan,nan,nan,nan,nan,nan,nan,nan,nan,nan,nan,nan,nan,nan,nan,nan,nan,nan,nan,nan,2.482144927978515625e+01,3.202669143676757812e+01,3.672587966918945312e+01,3.625797271728515625e+01,3.122960662841796875e+01,3.749989700317382812e+01,3.630788421630859375e+01,2.902020072937011719e+01,2.649059104919433594e+01,2.298808860778808594e+01,1.920409584045410156e+01,2.770795249938964844e+01,nan,nan,nan,nan,nan,nan,nan,nan,nan,nan,nan,nan,nan,nan,nan,nan,nan,nan,nan,nan,nan,nan,nan,nan,nan,nan,nan,nan,nan,nan,nan,nan,nan,nan,nan,nan,nan,nan,nan,nan,nan,nan,nan,nan,nan,nan,nan,nan,nan,nan,nan,nan,nan,nan,nan,nan,nan,nan,nan,nan,nan,nan,nan,nan,nan,nan,nan,nan,nan,nan,1.083561062812805176e+00,-3.869514942169189453e+00,2.960904836654663086e+00,-6.124986171722412109e+00,-2.248522758483886719e+01,nan,nan,nan,nan,nan,nan,nan,nan,nan,nan,nan,nan,nan,nan,nan
nan,nan,nan,nan,nan,nan,nan,nan,nan,nan,nan,nan,nan,nan,nan,nan,nan,nan,nan,nan,nan,nan,nan,1.969595909118652344e+01,1.967185592651367188e+01,3.647597122192382812e+01,3.584446716308593750e+01,4.183284759521484375e+01,3.925930404663085938e+01,3.544281387329101562e+01,3.231191635131835938e+01,2.744023895263671875e+01,2.568106842041015625e+01,2.154236221313476562e+01,nan,nan,nan,nan,nan,nan,nan,nan,nan,nan,nan,nan,nan,nan,nan,nan,nan,nan,nan,nan,nan,nan,nan,nan,nan,nan,nan,nan,nan,nan,nan,nan,nan,nan,nan,nan,nan,nan,nan,nan,nan,nan,nan,nan,nan,nan,nan,nan,nan,nan,nan,nan,nan,nan,nan,nan,nan,nan,nan,nan,nan,nan,nan,nan,nan,nan,nan,nan,nan,nan,nan,3.217239379882812500e-01,-4.876054763793945312e+00,-7.141503810882568359e+00,-9.112426757812500000e+00,-1.405796337127685547e+01,nan,nan,nan,nan,nan,nan,nan,nan,nan,nan,nan,nan,nan,nan,nan
nan,nan,nan,nan,nan,nan,nan,nan,nan,nan,nan,nan,nan,nan,nan,nan,nan,nan,nan,nan,nan,nan,nan,1.008184051513671875e+01,1.293923664093017578e+01,2.628850746154785156e+01,4.079565429687500000e+01,4.422384262084960938e+01,3.788809967041015625e+01,3.448357391357421875e+01,3.553018188476562500e+01,3.274938964843750000e+01,2.875942611694335938e+01,2.891481781005859375e+01,nan,3.081728553771972656e+01,nan,nan,nan,nan,nan,nan,nan,nan,nan,nan,nan,nan,nan,nan,nan,nan,nan,nan,nan,nan,nan,nan,nan,nan,nan,nan,nan,nan,nan,nan,nan,nan,nan,nan,nan,nan,nan,nan,nan,nan,nan,nan,nan,nan,nan,nan,nan,nan,nan,nan,nan,nan,nan,nan,nan,nan,nan,nan,nan,nan,nan,nan,nan,nan,nan,nan,nan,nan,-3.474778175354003906e+00,-1.233335208892822266e+01,-6.284750461578369141e+00,-1.027667427062988281e+01,-1.166003417968750000e+01,-6.863997936248779297e+00,nan,nan,nan,nan,nan,nan,nan,nan,nan,nan,nan,nan,nan,nan,nan
nan,nan,nan,nan,nan,nan,nan,nan,nan,nan,nan,nan,nan,nan,nan,nan,nan,nan,nan,nan,nan,nan,2.688737297058105469e+01,6.328666210174560547e+00,5.906280040740966797e+00,7.735165119171142578e+00,3.189420127868652344e+01,3.601259231567382812e+01,4.259796142578125000e+01,3.498993301391601562e+01,3.195037269592285156e+01,3.379726791381835938e+01,3.295429611206054688e+01,3.302213668823242188e+01,2.388586044311523438e+01,1.964139366149902344e+01,nan,nan,nan,nan,nan,nan,nan,nan,nan,nan,nan,nan,nan,nan,nan,nan,nan,nan,nan,nan,nan,nan,nan,nan,nan,nan,nan,nan,nan,nan,nan,nan,nan,nan,nan,nan,nan,nan,nan,nan,nan,nan,nan,nan,nan,nan,nan,nan,nan,nan,nan,nan,nan,nan,nan,nan,nan,nan,nan,nan,nan,nan,nan,nan,nan,nan,nan,-3.180391550064086914e+00,-4.319867134094238281e+00,-7.360836982727050781e+00,-9.744635581970214844e+00,-6.636804580688476562e+00,-7.402295112609863281e+00,nan,nan,nan,nan,nan,nan,nan,nan,nan,nan,nan,nan,nan,nan,nan,nan
nan,nan,nan,nan,nan,nan,nan,nan,nan,nan,nan,nan,nan,nan,nan,nan,nan,nan,nan,nan,nan,nan,nan,2.314354324340820312e+01,1.868607330322265625e+01,3.085832977294921875e+01,3.048150253295898438e+01,3.974573516845703125e+01,4.297619247436523438e+01,4.216577148437500000e+01,3.980158996582031250e+01,4.104879379272460938e+01,3.924189758300781250e+01,3.630139160156250000e+01,3.438331985473632812e+01,2.995266151428222656e+01,3.475696563720703125e+01,nan,nan,nan,nan,nan,nan,nan,nan,nan,nan,nan,nan,nan,nan,nan,nan,nan,nan,nan,nan,nan,nan,nan,nan,nan,nan,nan,nan,nan,nan,nan,nan,nan,nan,nan,nan,nan,nan,nan,nan,nan,nan,nan,nan,nan,nan,nan,nan,nan,nan,nan,nan,nan,nan,nan,nan,nan,nan,nan,nan,nan,nan,nan,nan,nan,-4.159096717834472656e+00,1.478324770927429199e+00,-3.784398555755615234e+00,-7.188915729522705078e+00,-9.759599685668945312e+00,4.195303916931152344e+00,-3.588387012481689453e+00,nan,nan,nan,nan,nan,nan,nan,nan,nan,nan,nan,nan,nan,nan,nan,nan
nan,nan,nan,nan,nan,nan,nan,nan,nan,nan,nan,nan,nan,nan,nan,nan,nan,nan,nan,nan,nan,nan,nan,3.321686935424804688e+01,4.279531860351562500e+01,4.218495941162109375e+01,3.834676361083984375e+01,4.253800582885742188e+01,4.358096694946289062e+01,4.420275878906250000e+01,4.546437454223632812e+01,4.397846984863281250e+01,3.779804229736328125e+01,3.758748626708984375e+01,3.698274230957031250e+01,3.292733383178710938e+01,2.820277976989746094e+01,nan,nan,nan,nan,nan,nan,nan,nan,nan,nan,nan,nan,nan,nan,nan,nan,nan,nan,nan,nan,nan,nan,nan,nan,nan,nan,nan,nan,nan,nan,nan,nan,nan,nan,nan,nan,nan,nan,nan,nan,nan,nan,nan,nan,nan,nan,nan,nan,nan,nan,nan,nan,nan,nan,nan,nan,nan,nan,nan,nan,nan,nan,nan,nan,nan,6.192649900913238525e-02,3.628691673278808594e+00,-2.522268295288085938e+00,-1.320748424530029297e+01,-1.758885574340820312e+01,2.470159053802490234e+00,-8.070257186889648438e+00,nan,nan,nan,nan,nan,nan,nan,nan,nan,nan,nan,nan,nan,nan,nan,nan
nan,nan,nan,nan,nan,nan,nan,nan,nan,nan,nan,nan,nan,nan,nan,nan,nan,nan,nan,nan,nan,nan,nan,3.441167068481445312e+01,3.452831649780273438e+01,4.648557662963867188e+01,4.192248153686523438e+01,4.339995193481445312e+01,4.478104019165039062e+01,4.594928741455078125e+01,4.598136901855468750e+01,4.536733245849609375e+01,4.330493545532226562e+01,3.820916748046875000e+01,3.728324890136718750e+01,3.836070632934570312e+01,4.166495895385742188e+01,3.823337936401367188e+01,nan,nan,nan,nan,nan,nan,nan,nan,nan,nan,nan,nan,nan,nan,nan,nan,nan,nan,nan,nan,nan,nan,nan,nan,nan,nan,nan,nan,nan,nan,nan,nan,nan,nan,nan,nan,nan,nan,nan,nan,nan,nan,nan,nan,nan,nan,nan,nan,nan,nan,nan,nan,nan,nan,nan,nan,nan,nan,nan,nan,nan,nan,nan,nan,9.384467005729675293e-01,1.501660823822021484e+00,3.273066043853759766e+00,-1.632137298583984375e+01,-1.458147525787353516e+01,-8.514631271362304688e+00,-8.476291656494140625e+00,nan,nan,nan,nan,nan,nan,nan,nan,nan,nan,nan,nan,nan,nan,nan,nan
nan,nan,nan,nan,nan,nan,nan,nan,nan,nan,nan,nan,nan,nan,nan,nan,nan,nan,nan,nan,nan,nan,nan,nan,nan,5.013647079467773438e+01,4.470267105102539062e+01,4.762408065795898438e+01,4.700422286987304688e+01,4.854884719848632812e+01,4.724383926391601562e+01,4.463618087768554688e+01,4.407481384277343750e+01,4.009663772583007812e+01,3.977506637573242188e+01,4.151957321166992188e+01,4.064379882812500000e+01,3.864265823364257812e+01,nan,nan,nan,nan,nan,nan,nan,nan,nan,nan,nan,nan,nan,nan,nan,nan,nan,nan,nan,nan,nan,nan,nan,nan,nan,nan,nan,nan,nan,nan,nan,nan,nan,nan,nan,nan,nan,nan,nan,nan,nan,nan,nan,nan,nan,nan,nan,nan,nan,nan,nan,nan,nan,nan,nan,nan,nan,nan,nan,nan,nan,nan,nan,nan,-3.969176530838012695e+00,1.447327136993408203e+00,-8.531991243362426758e-01,-9.402664184570312500e+00,-1.533438396453857422e+01,-1.719120597839355469e+01,-1.993571472167968750e+01,nan,nan,nan,nan,nan,nan,nan,nan,nan,nan,nan,nan,nan,nan,nan,nan
nan,nan,nan,nan,nan,nan,nan,nan,nan,nan,nan,nan,nan,nan,nan,nan,nan,nan,nan,nan,nan,nan,nan,nan,nan,4.537184143066406250e+01,4.106994628906250000e+01,4.948713684082031250e+01,5.266258239746093750e+01,4.950611495971679688e+01,5.006113815307617188e+01,4.758697509765625000e+01,4.512826538085937500e+01,4.520554733276367188e+01,4.463225936889648438e+01,4.228551483154296875e+01,4.040092468261718750e+01,3.830619049072265625e+01,nan,nan,nan,nan,nan,nan,nan,nan,nan,nan,nan,nan,nan,nan,nan,nan,nan,nan,nan,nan,nan,nan,nan,nan,nan,nan,nan,nan,nan,nan,nan,nan,nan,nan,nan,nan,nan,nan,nan,nan,nan,nan,nan,nan,nan,nan,nan,nan,nan,nan,nan,nan,nan,nan,nan,nan,nan,nan,nan,nan,nan,nan,nan,nan,-1.476096749305725098e+00,1.026417851448059082e+00,-4.620983600616455078e+00,-7.195199489593505859e+00,-1.251703834533691406e+01,-5.723816394805908203e+00,-6.960220336914062500e+00,-1.049226474761962891e+01,nan,nan,nan,nan,nan,nan,nan,nan,nan,nan,nan,nan,nan,nan,nan
nan,nan,nan,nan,nan,nan,nan,nan,nan,nan,nan,nan,nan,nan,nan,nan,nan,nan,nan,nan,nan,nan,nan,nan,nan,4.813891983032226562e+01,6.471276092529296875e+01,5.157669067382812500e+01,5.438439941406250000e+01,5.261640167236328125e+01,5.190650558471679688e+01,5.023056411743164062e+01,4.832196044921875000e+01,4.657398605346679688e+01,4.644493484497070312e+01,4.645742797851562500e+01,4.142537307739257812e+01,3.814966583251953125e+01,nan,nan,2.892320442199707031e+01,nan,nan,nan,nan,nan,nan,nan,nan,nan,nan,nan,nan,nan,nan,nan,nan,nan,nan,nan,nan,nan,nan,nan,nan,nan,nan,nan,nan,nan,nan,nan,nan,nan,nan,nan,nan,nan,nan,nan,nan,nan,nan,nan,nan,nan,nan,nan,nan,nan,nan,nan,nan,nan,nan,nan,nan,nan,nan,nan,-3.345700740814208984e+00,-8.242476582527160645e-01,6.388123035430908203e-01,-2.520381212234497070e+00,-7.104753971099853516e+00,-3.404688119888305664e+00,-6.000425815582275391e+00,-2.894587814807891846e-01,nan,nan,nan,nan,nan,nan,nan,nan,nan,nan,nan,nan,nan,nan,nan,nan,nan
nan,nan,nan,nan,nan,nan,nan,nan,nan,nan,nan,nan,nan,nan,nan,nan,nan,nan,nan,nan,nan,nan,nan,nan,nan,nan,5.084756088256835938e+01,5.814403533935546875e+01,5.998477172851562500e+01,5.574314498901367188e+01,5.842131423950195312e+01,5.766601943969726562e+01,5.736230850219726562e+01,6.008182907104492188e+01,5.741883087158203125e+01,5.166446304321289062e+01,4.333559036254882812e+01,3.798199081420898438e+01,3.931981277465820312e+01,3.418296432495117188e+01,1.162874412536621094e+01,2.140039443969726562e+01,nan,nan,nan,nan,nan,nan,nan,nan,nan,nan,nan,nan,nan,nan,nan,nan,nan,nan,nan,nan,nan,nan,nan,nan,nan,nan,nan,nan,nan,nan,nan,nan,nan,nan,nan,nan,nan,nan,nan,nan,nan,nan,nan,nan,nan,nan,nan,nan,nan,nan,nan,nan,nan,nan,nan,nan,nan,nan,-7.129307270050048828e+00,-4.040914475917816162e-01,-3.012516498565673828e+00,-6.954017162322998047e+00,-1.339619159698486328e+01,-2.025693130493164062e+01,-1.034704303741455078e+01,nan,nan,nan,nan,nan,nan,nan,nan,nan,nan,nan,nan,nan,nan,nan,nan,nan,nan
nan,nan,nan,nan,nan,nan,nan,nan,nan,nan,nan,nan,nan,nan,nan,nan,nan,nan,nan,nan,nan,nan,nan,nan,nan,nan,nan,nan,4.253738403320312500e+01,5.113043594360351562e+01,6.075820541381835938e+01,6.137749862670898438e+01,6.155699920654296875e+01,6.287698364257812500e+01,6.286198806762695312e+01,5.790469360351562500e+01,5.393304061889648438e+01,5.373162460327148438e+01,4.415137100219726562e+01,2.023546791076660156e+01,1.477842044830322266e+01,1.035532569885253906e+01,1.564811897277832031e+01,nan,nan,nan,nan,nan,nan,nan,nan,nan,nan,nan,nan,nan,nan,nan,nan,nan,nan,nan,nan,nan,nan,nan,nan,nan,nan,nan,nan,nan,nan,nan,nan,nan,nan,nan,nan,nan,nan,nan,nan,nan,nan,nan,nan,nan,nan,nan,nan,nan,nan,nan,nan,nan,nan,nan,-2.372336626052856445e+00,-4.114761829376220703e+00,-2.260005474090576172e+00,-1.613444209098815918e+00,-1.580853104591369629e+00,-4.537384510040283203e+00,-1.482904720306396484e+01,-1.753387451171875000e+01,-2.353541183471679688e+01,nan,nan,nan,nan,nan,nan,nan,nan,nan,nan,nan,nan,nan,nan,nan,nan,nan,nan
nan,nan,nan,nan,nan,nan,nan,nan,nan,nan,nan,nan,nan,nan,nan,nan,nan,nan,nan,nan,nan,nan,nan,nan,nan,nan,nan,nan,5.457225036621093750e+01,5.513257217407226562e+01,5.767347717285156250e+01,5.671079635620117188e+01,6.077110671997070312e+01,6.102106857299804688e+01,6.255713272094726562e+01,5.922117614746093750e+01,5.323046875000000000e+01,5.580543136596679688e+01,3.849610900878906250e+01,2.626860618591308594e+01,1.849912071228027344e+01,1.176351642608642578e+01,9.336674690246582031e+00,6.122230529785156250e+00,2.440587043762207031e+00,-7.956933379173278809e-01,5.231441497802734375e+00,nan,nan,nan,nan,-1.374692320823669434e+00,-5.204066753387451172e+00,nan,nan,-1.675848197937011719e+01,-1.962191581726074219e+01,-2.158432197570800781e+01,-2.254133796691894531e+01,-2.287084579467773438e+01,-2.284030532836914062e+01,nan,nan,nan,nan,nan,nan,nan,nan,nan,nan,nan,nan,nan,nan,nan,nan,nan,nan,nan,nan,nan,nan,nan,nan,nan,nan,nan,nan,nan,nan,nan,nan,nan,nan,nan,nan,nan,-2.057920455932617188e+00,-3.333197355270385742e+00,-6.854189038276672363e-01,2.147570848464965820e+00,1.477442145347595215e+00,-4.493461132049560547e+00,-1.976118659973144531e+01,-2.565041351318359375e+01,-1.115008258819580078e+01,nan,nan,nan,nan,nan,nan,nan,nan,nan,nan,nan,nan,nan,nan,nan,nan,nan,nan
nan,nan,nan,nan,nan,nan,nan,nan,nan,nan,nan,nan,nan,nan,nan,nan,nan,nan,nan,nan,nan,nan,nan,nan,nan,nan,nan,nan,nan,5.633077621459960938e+01,5.717312240600585938e+01,5.356271743774414062e+01,6.162614059448242188e+01,6.159560394287109375e+01,6.039294815063476562e+01,6.217334365844726562e+01,6.109989547729492188e+01,4.861784744262695312e+01,3.745315551757812500e+01,3.134825706481933594e+01,2.277640914916992188e+01,1.813898086547851562e+01,1.399082374572753906e+01,8.249973297119140625e+00,3.375779151916503906e+00,1.334387183189392090e+00,1.200602293014526367e+00,2.381094455718994141e+00,1.848748207092285156e+00,2.870831251144409180e+00,1.192923665046691895e+00,-7.476838231086730957e-01,1.252766609191894531e+00,-3.383316040039062500e+00,-5.363654613494873047e+00,-1.287140655517578125e+01,-2.960007858276367188e+01,-1.926025199890136719e+01,-2.460797691345214844e+01,-2.423777198791503906e+01,-1.282129573822021484e+01,-1.544132614135742188e+01,-2.271385955810546875e+01,nan,nan,nan,nan,nan,-1.995232582092285156e+01,nan,nan,nan,nan,nan,nan,nan,nan,nan,nan,nan,nan,nan,nan,nan,nan,nan,nan,nan,nan,nan,nan,nan,nan,nan,nan,nan,nan,nan,nan,-2.542094230651855469e+00,-6.709321975708007812e+00,-5.861777782440185547e+00,-8.174011230468750000e+00,-1.735462379455566406e+01,-2.681567192077636719e+01,-1.063378429412841797e+01,nan,nan,nan,nan,nan,nan,nan,nan,nan,nan,nan,nan,nan,nan,nan,nan,nan,nan,nan
nan,nan,nan,nan,nan,nan,nan,nan,nan,nan,nan,nan,nan,nan,nan,nan,nan,nan,nan,nan,nan,nan,nan,nan,nan,nan,nan,nan,nan,5.707526016235351562e+01,5.823007965087890625e+01,5.832518386840820312e+01,5.163063049316406250e+01,5.665499114990234375e+01,6.306332778930664062e+01,6.317059326171875000e+01,5.221628189086914062e+01,5.061426925659179688e+01,3.408653259277343750e+01,3.191122627258300781e+01,2.722768020629882812e+01,2.301432800292968750e+01,1.582857608795166016e+01,1.132423400878906250e+01,3.748683214187622070e+00,2.235114574432373047e+00,2.029170274734497070e+00,2.757032871246337891e+00,3.422514438629150391e+00,2.437987565994262695e+00,2.874288797378540039e+00,2.072072982788085938e+00,1.054695606231689453e+00,-1.929128289222717285e+00,-1.127504920959472656e+01,-1.884968757629394531e+01,-2.964728164672851562e+01,-2.579953956604003906e+01,-2.085654449462890625e+01,-1.706979179382324219e+01,-1.650488281250000000e+01,-1.817202377319335938e+01,-1.605646514892578125e+01,-2.613266372680664062e+01,-3.090668678283691406e+01,-3.995177841186523438e+01,-2.166681289672851562e+01,-2.060676956176757812e+01,-1.791948127746582031e+01,nan,nan,nan,nan,nan,nan,nan,nan,nan,nan,nan,nan,nan,nan,nan,nan,nan,nan,nan,nan,nan,nan,nan,nan,nan,nan,nan,nan,nan,-1.345276474952697754e+00,1.009718060493469238e+00,-1.266873717308044434e+00,-5.422056674957275391e+00,-4.328397274017333984e+00,-1.572728157043457031e+01,-9.571022987365722656e+00,nan,nan,nan,nan,nan,nan,nan,nan,nan,nan,nan,nan,nan,nan,nan,nan,nan,nan,nan,nan
nan,nan,nan,nan,nan,nan,nan,nan,nan,nan,nan,nan,nan,nan,nan,nan,nan,nan,nan,nan,nan,nan,nan,nan,nan,nan,nan,nan,nan,nan,nan,5.786515045166015625e+01,5.727388000488281250e+01,5.616966247558593750e+01,6.779869842529296875e+01,6.106201934814453125e+01,6.039121246337890625e+01,5.417287445068359375e+01,4.106759643554687500e+01,3.954607772827148438e+01,3.303863525390625000e+01,2.600908851623535156e+01,1.624938583374023438e+01,9.873666763305664062e+00,8.494965553283691406e+00,6.151991844177246094e+00,5.478250503540039062e+00,5.600319862365722656e+00,3.915744543075561523e+00,4.503409862518310547e+00,3.065820693969726562e+00,2.493087768554687500e+00,2.895730972290039062e+00,-2.240125656127929688e+00,-1.623427009582519531e+01,-2.538282012939453125e+01,-3.320359420776367188e+01,-3.072099876403808594e+01,-2.837994575500488281e+01,-2.287031745910644531e+01,-1.520786666870117188e+01,-1.683161926269531250e+01,-1.989238929748535156e+01,-3.227183914184570312e+01,-3.383125686645507812e+01,-2.066927909851074219e+01,-1.565865230560302734e+01,nan,nan,nan,nan,nan,nan,nan,nan,nan,nan,nan,nan,nan,nan,nan,nan,nan,nan,nan,nan,nan,nan,nan,nan,nan,nan,nan,nan,nan,nan,nan,-1.273815512657165527e+00,2.838343143463134766e+00,1.413139820098876953e+00,-3.296838283538818359e+00,-6.890845775604248047e+00,-7.146134376525878906e+00,nan,nan,nan,nan,nan,nan,nan,nan,nan,nan,nan,nan,nan,nan,nan,nan,nan,nan,nan,nan,nan
nan,nan,nan,nan,nan,nan,nan,nan,nan,nan,nan,nan,nan,nan,nan,nan,nan,nan,nan,nan,nan,nan,nan,nan,nan,nan,nan,nan,nan,nan,nan,5.681466293334960938e+01,nan,nan,5.203453063964843750e+01,5.164187622070312500e+01,5.594664382934570312e+01,4.988983535766601562e+01,4.673783874511718750e+01,3.806446456909179688e+01,3.143497085571289062e+01,2.825916862487792969e+01,2.043644523620605469e+01,1.593819618225097656e+01,1.213561248779296875e+01,1.004136276245117188e+01,9.035120964050292969e+00,7.264300823211669922e+00,4.581809997558593750e+00,3.001728534698486328e+00,3.086673498153686523e+00,2.677139997482299805e+00,2.545075416564941406e+00,-2.273483037948608398e+00,-2.026893806457519531e+01,-3.428796005249023438e+01,-4.282948303222656250e+01,-4.061900711059570312e+01,-4.205092239379882812e+01,-2.420224189758300781e+01,-2.181122016906738281e+01,-1.597477340698242188e+01,-2.165605354309082031e+01,-3.152819442749023438e+01,-3.256422424316406250e+01,-1.958701896667480469e+01,-9.170459747314453125e+00,-8.763008117675781250e+00,nan,nan,nan,nan,nan,nan,nan,nan,nan,nan,nan,nan,nan,nan,nan,nan,nan,nan,nan,nan,nan,nan,nan,nan,nan,nan,nan,nan,nan,1.011803150177001953e+00,-2.091005742549896240e-01,-2.158667564392089844e+00,3.129295587539672852e+00,-3.020992517471313477e+00,-4.329845905303955078e+00,nan,nan,nan,nan,nan,nan,nan,nan,nan,nan,nan,nan,nan,nan,nan,nan,nan,nan,nan,nan,nan,nan
nan,nan,nan,nan,nan,nan,nan,nan,nan,nan,nan,nan,nan,nan,nan,nan,nan,nan,nan,nan,nan,nan,nan,nan,nan,nan,nan,nan,nan,nan,nan,5.471174621582031250e+01,nan,nan,4.981419754028320312e+01,4.247914505004882812e+01,4.648955917358398438e+01,4.383823776245117188e+01,4.222340393066406250e+01,3.398973083496093750e+01,3.086912727355957031e+01,3.032125663757324219e+01,2.694588661193847656e+01,1.960296249389648438e+01,1.686428833007812500e+01,1.511584568023681641e+01,1.407263088226318359e+01,7.166418552398681641e+00,4.770918846130371094e+00,4.568224430084228516e+00,3.145569324493408203e+00,1.182020664215087891e+00,1.347594499588012695e+00,-1.159979152679443359e+01,-1.790302467346191406e+01,-3.630305480957031250e+01,-4.690810775756835938e+01,-4.620767211914062500e+01,-4.312905883789062500e+01,-2.997233200073242188e+01,-1.013604545593261719e+01,-2.260379791259765625e+01,-2.487338638305664062e+01,-2.959100151062011719e+01,-3.136660575866699219e+01,-1.795816421508789062e+01,-1.176924705505371094e+01,1.449591517448425293e+00,-1.499069309234619141e+01,nan,nan,nan,nan,nan,nan,nan,nan,nan,nan,nan,nan,nan,nan,nan,nan,nan,nan,nan,nan,nan,nan,nan,nan,nan,nan,-8.239757418632507324e-01,-1.117728710174560547e+00,-2.077844291925430298e-01,3.716397523880004883e+00,1.143806502223014832e-01,nan,nan,nan,nan,nan,nan,nan,nan,nan,nan,nan,nan,nan,nan,nan,nan,nan,nan,nan,nan,nan,nan,nan,nan,nan
nan,nan,nan,nan,nan,nan,nan,nan,nan,nan,nan,nan,nan,nan,nan,nan,nan,nan,nan,nan,nan,nan,nan,nan,nan,nan,nan,nan,nan,nan,nan,5.150603485107421875e+01,5.059523773193359375e+01,4.904091262817382812e+01,4.731565856933593750e+01,4.574134445190429688e+01,4.420788955688476562e+01,3.916975402832031250e+01,4.028808212280273438e+01,3.761746215820312500e+01,3.351691055297851562e+01,3.179166793823242188e+01,3.061345291137695312e+01,2.364483642578125000e+01,2.147157287597656250e+01,1.946485710144042969e+01,1.310163021087646484e+01,5.371500015258789062e+00,6.278851032257080078e+00,5.301671981811523438e+00,4.394483566284179688e+00,1.736589908599853516e+00,-2.494627535343170166e-01,-1.232184028625488281e+01,-1.955591201782226562e+01,-3.564640808105468750e+01,-4.539651870727539062e+01,-4.501923370361328125e+01,-6.113160324096679688e+01,-3.110616493225097656e+01,-8.605384826660156250e+00,2.350565910339355469e+00,-2.269966316223144531e+01,-3.308585357666015625e+01,-2.338723754882812500e+01,-2.053477859497070312e+01,-9.005882263183593750e+00,-8.571072220802307129e-01,nan,nan,nan,nan,nan,nan,nan,nan,nan,nan,nan,nan,nan,nan,nan,nan,nan,nan,nan,nan,nan,nan,nan,nan,nan,nan,nan,nan,-2.435673475265502930e+00,-3.535704374313354492e+00,8.501208305358886719e+00,-3.661454916000366211e-01,nan,nan,nan,nan,nan,nan,nan,nan,nan,nan,nan,nan,nan,nan,nan,nan,nan,nan,nan,nan,nan,nan,nan,nan,nan
nan,nan,nan,nan,nan,nan,nan,nan,nan,nan,nan,nan,nan,nan,nan,nan,nan,nan,nan,nan,nan,nan,nan,nan,nan,nan,nan,nan,nan,nan,nan,nan,4.767128372192382812e+01,4.632423019409179688e+01,4.670338821411132812e+01,4.948975753784179688e+01,4.548279953002929688e+01,3.656000518798828125e+01,3.401668167114257812e+01,3.193541717529296875e+01,3.205201339721679688e+01,3.170998191833496094e+01,3.008968162536621094e+01,2.597594642639160156e+01,2.355554389953613281e+01,2.132930374145507812e+01,1.548818492889404297e+01,6.994100093841552734e+00,8.424796462059020996e-01,4.684263229370117188e+00,8.285214424133300781e+00,2.393559217453002930e+00,-4.088309764862060547e+00,-8.507923126220703125e+00,-1.964924049377441406e+01,-3.974196243286132812e+01,-5.173552703857421875e+01,-5.513273239135742188e+01,-6.238417053222656250e+01,-4.605849838256835938e+01,-1.756094169616699219e+01,-1.029195308685302734e+01,-3.268555450439453125e+01,-2.924587440490722656e+01,-2.138978385925292969e+01,-1.225695896148681641e+01,-3.398600578308105469e+00,nan,nan,nan,nan,nan,nan,nan,nan,nan,nan,nan,nan,nan,nan,nan,nan,nan,nan,nan,nan,nan,nan,nan,nan,nan,nan,nan,nan,-2.008342504501342773e+00,-4.794415950775146484e+00,3.197499036788940430e+00,1.135324859619140625e+01,nan,nan,nan,nan,nan,nan,nan,nan,nan,nan,nan,nan,nan,nan,nan,nan,nan,nan,nan,nan,nan,nan,nan,nan,nan,nan
nan,nan,nan,nan,nan,nan,nan,nan,nan,nan,nan,nan,nan,nan,nan,nan,nan,nan,nan,nan,nan,nan,nan,nan,nan,nan,nan,nan,nan,nan,nan,nan,nan,nan,5.273353958129882812e+01,4.777368164062500000e+01,4.545087432861328125e+01,3.579552078247070312e+01,3.071760177612304688e+01,2.309982299804687500e+01,2.610388565063476562e+01,2.376391983032226562e+01,2.555081367492675781e+01,2.425286865234375000e+01,2.263086891174316406e+01,2.258856582641601562e+01,2.093211364746093750e+01,1.621351051330566406e+01,1.070696067810058594e+01,7.473603248596191406e+00,9.011080741882324219e+00,-4.510044753551483154e-01,-4.516850471496582031e+00,-8.256719589233398438e+00,-2.925836944580078125e+01,-3.754377365112304688e+01,-5.685442733764648438e+01,-6.341241455078125000e+01,-4.249349975585937500e+01,-3.931171035766601562e+01,-2.603034591674804688e+01,-2.189818572998046875e+01,-2.211934471130371094e+01,-3.073451995849609375e+01,-2.306577682495117188e+01,-1.128451156616210938e+01,-1.801479530334472656e+01,nan,nan,nan,nan,nan,nan,nan,nan,nan,nan,nan,nan,nan,nan,nan,nan,nan,nan,nan,nan,nan,nan,nan,nan,nan,nan,nan,-2.826937913894653320e+00,-8.943003654479980469e+00,-1.008766365051269531e+01,-1.536530852317810059e+00,nan,nan,nan,nan,nan,nan,nan,nan,nan,nan,nan,nan,nan,nan,nan,nan,nan,nan,nan,nan,nan,nan,nan,nan,nan,nan,nan
nan,nan,nan,nan,nan,nan,nan,nan,nan,nan,nan,nan,nan,nan,nan,nan,nan,nan,nan,nan,nan,nan,nan,nan,nan,nan,nan,nan,nan,nan,nan,nan,4.470284652709960938e+01,5.572330093383789062e+01,5.180012130737304688e+01,4.408573913574218750e+01,4.455357360839843750e+01,3.644298553466796875e+01,3.531822204589843750e+01,2.431147003173828125e+01,2.382410240173339844e+01,2.123937988281250000e+01,1.694864654541015625e+01,2.222568130493164062e+01,2.320865631103515625e+01,1.794082641601562500e+01,2.231184387207031250e+01,2.300668144226074219e+01,1.504130458831787109e+01,1.292385101318359375e+01,1.098583030700683594e+01,4.658148765563964844e+00,-8.730673789978027344e-01,-1.226312255859375000e+01,-2.253042793273925781e+01,-4.183169937133789062e+01,-5.774522781372070312e+01,-6.066713714599609375e+01,-4.708431243896484375e+01,-4.516728591918945312e+01,-3.728385162353515625e+01,-2.564511871337890625e+01,-2.979207611083984375e+01,-2.805063629150390625e+01,-2.117580032348632812e+01,-1.146970939636230469e+01,nan,nan,nan,nan,nan,nan,nan,nan,nan,nan,nan,nan,nan,nan,nan,nan,nan,nan,nan,nan,nan,nan,nan,nan,nan,nan,nan,nan,-3.583343029022216797e+00,-8.463754653930664062e+00,-2.962298393249511719e+00,nan,nan,nan,nan,nan,nan,nan,nan,nan,nan,nan,nan,nan,nan,nan,nan,nan,nan,nan,nan,nan,nan,nan,nan,nan,nan,nan,nan
nan,nan,nan,nan,nan,nan,nan,nan,nan,nan,nan,nan,nan,nan,nan,nan,nan,nan,nan,nan,nan,nan,nan,nan,nan,nan,nan,nan,nan,nan,nan,nan,5.067121887207031250e+01,4.621725845336914062e+01,4.773536682128906250e+01,3.758411788940429688e+01,3.931098175048828125e+01,3.590017700195312500e+01,3.229212951660156250e+01,1.912990188598632812e+01,1.591413784027099609e+01,1.729752349853515625e+01,1.745976066589355469e+01,1.971904373168945312e+01,2.536470222473144531e+01,nan,3.154208564758300781e+01,2.813781356811523438e+01,1.734578895568847656e+01,1.647436904907226562e+01,9.386856079101562500e+00,-7.712046504020690918e-01,-4.716205596923828125e+00,-2.217757987976074219e+01,-3.188192558288574219e+01,-4.297659301757812500e+01,-6.245629119873046875e+01,-6.121044921875000000e+01,-5.180829238891601562e+01,-4.015849685668945312e+01,-3.482254028320312500e+01,-3.861636734008789062e+01,-3.160568428039550781e+01,-2.761659240722656250e+01,-2.025400543212890625e+01,-1.314748382568359375e+01,-1.496098899841308594e+01,nan,nan,nan,nan,nan,nan,nan,nan,nan,nan,nan,nan,nan,nan,nan,nan,nan,nan,nan,nan,nan,nan,nan,nan,-2.551657915115356445e+00,nan,nan,-7.886870384216308594e+00,-8.864357948303222656e+00,-4.113850116729736328e+00,nan,nan,nan,nan,nan,nan,nan,nan,nan,nan,nan,nan,nan,nan,nan,nan,nan,nan,nan,nan,nan,nan,nan,nan,nan,nan,nan,nan
nan,nan,nan,nan,nan,nan,nan,nan,nan,nan,nan,nan,nan,nan,nan,nan,nan,nan,nan,nan,nan,nan,nan,nan,nan,nan,nan,nan,nan,nan,nan,nan,4.427633666992187500e+01,4.686189651489257812e+01,3.621829605102539062e+01,2.944485664367675781e+01,3.207757949829101562e+01,3.429019165039062500e+01,1.728029060363769531e+01,1.451339435577392578e+01,1.580682277679443359e+01,1.727118301391601562e+01,2.250326347351074219e+01,2.758765983581542969e+01,2.130730819702148438e+01,3.107987976074218750e+01,3.301626968383789062e+01,3.079508972167968750e+01,1.739008140563964844e+01,1.432029914855957031e+01,3.217874050140380859e+00,-4.046614646911621094e+00,-9.282788276672363281e+00,-1.575106048583984375e+01,-2.848215293884277344e+01,-4.831618499755859375e+01,-6.308594894409179688e+01,-6.013269042968750000e+01,-5.764409255981445312e+01,-4.987295150756835938e+01,-4.164609146118164062e+01,-4.032942962646484375e+01,-3.263616943359375000e+01,-2.473955154418945312e+01,-1.662059974670410156e+01,-1.090542316436767578e+01,-2.258833885192871094e+00,nan,nan,nan,nan,nan,nan,nan,nan,nan,nan,nan,nan,nan,nan,nan,nan,nan,nan,nan,nan,nan,nan,1.401239395141601562e+00,-3.873276412487030029e-01,-1.732218384742736816e+00,1.699875354766845703e+00,6.026945114135742188e+00,-6.062293529510498047e+00,nan,nan,nan,nan,nan,nan,nan,nan,nan,nan,nan,nan,nan,nan,nan,nan,nan,nan,nan,nan,nan,nan,nan,nan,nan,nan,nan,nan,nan,nan
nan,nan,nan,nan,nan,nan,nan,nan,nan,nan,nan,nan,nan,nan,nan,nan,nan,nan,nan,nan,nan,nan,nan,nan,nan,nan,nan,nan,nan,nan,nan,nan,4.188418197631835938e+01,4.016991043090820312e+01,3.947334671020507812e+01,3.930221176147460938e+01,4.144018173217773438e+01,3.002215957641601562e+01,2.910023117065429688e+01,1.946752548217773438e+01,1.210042285919189453e+01,1.580763244628906250e+01,2.548236846923828125e+01,2.744429016113281250e+01,2.933271408081054688e+01,3.532782745361328125e+01,3.479783248901367188e+01,2.564117240905761719e+01,1.699606895446777344e+01,9.147265434265136719e+00,-2.399986743927001953e+00,-4.096002578735351562e+00,-6.466870307922363281e+00,-2.053115844726562500e+01,-3.979733276367187500e+01,-4.874820709228515625e+01,-6.013198089599609375e+01,-5.924385070800781250e+01,-6.326455307006835938e+01,-6.415372467041015625e+01,-4.752585983276367188e+01,-4.526698303222656250e+01,-3.718087387084960938e+01,-2.184847450256347656e+01,-1.958745765686035156e+01,-1.387828636169433594e+01,-8.439102172851562500e+00,-3.024425983428955078e+00,-3.953727245330810547e+00,nan,nan,nan,nan,nan,nan,nan,nan,nan,nan,nan,nan,nan,nan,nan,nan,nan,nan,7.255874156951904297e+00,4.516366481781005859e+00,5.894164562225341797e+00,-4.389082491397857666e-01,-4.907166957855224609e+00,-5.410352706909179688e+00,1.465660452842712402e+00,-5.220240116119384766e+00,nan,nan,nan,nan,nan,nan,nan,nan,nan,nan,nan,nan,nan,nan,nan,nan,nan,nan,nan,nan,nan,nan,nan,nan,nan,nan,nan,nan,nan,nan
nan,nan,nan,nan,nan,nan,nan,nan,nan,nan,nan,nan,nan,nan,nan,nan,nan,nan,nan,nan,nan,nan,nan,nan,nan,nan,nan,nan,nan,nan,nan,nan,4.056988143920898438e+01,3.908796310424804688e+01,4.108268356323242188e+01,4.429938888549804688e+01,4.169725036621093750e+01,2.924887657165527344e+01,1.999533653259277344e+01,2.109500312805175781e+01,1.348690700531005859e+01,2.698654365539550781e+01,2.299125671386718750e+01,2.601031684875488281e+01,2.566626930236816406e+01,3.447935867309570312e+01,3.399779891967773438e+01,2.507467079162597656e+01,8.462973594665527344e+00,8.883339881896972656e+00,nan,-9.674453139305114746e-01,-6.165794372558593750e+00,-2.671803283691406250e+01,-4.105520629882812500e+01,-5.505311584472656250e+01,-6.046008682250976562e+01,-5.805526733398437500e+01,-6.469606781005859375e+01,-6.132267761230468750e+01,-4.952077484130859375e+01,-4.207589340209960938e+01,-2.584389686584472656e+01,-2.112421798706054688e+01,-1.573554897308349609e+01,-7.757521152496337891e+00,-4.420896530151367188e+00,-3.810063600540161133e+00,-2.063403725624084473e-01,4.948049187660217285e-01,-5.163206458091735840e-01,-2.298106908798217773e+00,7.308434009552001953e+00,9.694627761840820312e+00,nan,nan,nan,nan,nan,nan,nan,1.856394004821777344e+01,1.477990245819091797e+01,1.663309288024902344e+01,nan,nan,1.048407459259033203e+01,5.666643619537353516e+00,2.201285064220428467e-01,7.504560947418212891e+00,5.379400253295898438e-01,-6.486736297607421875e+00,-1.011329460144042969e+01,-1.108025074005126953e+01,nan,nan,nan,nan,nan,nan,nan,nan,nan,nan,nan,nan,nan,nan,nan,nan,nan,nan,nan,nan,nan,nan,nan,nan,nan,nan,nan,nan,nan,nan,nan
nan,nan,nan,nan,nan,nan,nan,nan,nan,nan,nan,nan,nan,nan,nan,nan,nan,nan,nan,nan,nan,nan,nan,nan,nan,nan,nan,nan,nan,nan,nan,nan,nan,3.625579833984375000e+01,4.202647399902343750e+01,4.307513427734375000e+01,3.444661712646484375e+01,2.105444145202636719e+01,1.810787773132324219e+01,1.886499977111816406e+01,nan,nan,2.379068183898925781e+01,2.538203239440917969e+01,2.787803268432617188e+01,3.083014297485351562e+01,2.884378814697265625e+01,1.285869407653808594e+01,8.755145072937011719e+00,1.899618506431579590e+00,-1.071256041526794434e+00,-3.449677705764770508e+00,-1.255603790283203125e+01,-3.213551712036132812e+01,-4.586277770996093750e+01,-5.325177001953125000e+01,-5.932009124755859375e+01,-6.487887573242187500e+01,-5.820156478881835938e+01,-5.054566574096679688e+01,-5.103272247314453125e+01,-4.183051681518554688e+01,-2.757155799865722656e+01,-1.843264770507812500e+01,-1.021518611907958984e+01,-5.016963481903076172e+00,-5.908285617828369141e+00,-3.033634662628173828e+00,3.504453003406524658e-01,4.070081710815429688e-01,9.301609992980957031e-01,1.278069138526916504e+00,2.942107439041137695e+00,2.224542236328125000e+01,1.274257659912109375e+01,1.498368263244628906e+01,3.982016801834106445e+00,8.775812149047851562e+00,1.867690467834472656e+01,1.880152320861816406e+01,1.871676445007324219e+01,1.905305099487304688e+01,1.597893238067626953e+01,1.507931995391845703e+01,1.769311523437500000e+01,2.370615959167480469e+01,4.204087734222412109e+00,8.635225296020507812e+00,4.484241485595703125e+00,4.158043384552001953e+00,-5.343853950500488281e+00,-5.702736377716064453e+00,-1.874148750305175781e+01,-2.980285882949829102e+00,nan,nan,nan,nan,nan,nan,nan,nan,nan,nan,nan,nan,nan,nan,nan,nan,nan,nan,nan,nan,nan,nan,nan,nan,nan,nan,nan,nan,nan,nan,nan
nan,nan,nan,nan,nan,nan,nan,nan,nan,nan,nan,nan,nan,nan,nan,nan,nan,nan,nan,nan,nan,nan,nan,nan,nan,nan,nan,nan,nan,nan,nan,nan,nan,nan,4.310002899169921875e+01,3.754977798461914062e+01,2.575654029846191406e+01,1.475740242004394531e+01,1.521733093261718750e+01,1.933557891845703125e+01,2.246329307556152344e+01,2.484631919860839844e+01,2.777520942687988281e+01,2.763215637207031250e+01,2.288699913024902344e+01,2.750400733947753906e+01,2.652434730529785156e+01,1.046532249450683594e+01,1.591103792190551758e+00,-2.570852518081665039e+00,-2.337377309799194336e+00,-1.241080188751220703e+01,-2.138383483886718750e+01,-3.709294891357421875e+01,-4.840934753417968750e+01,-5.331082916259765625e+01,-6.128092956542968750e+01,-6.594557952880859375e+01,-5.836468124389648438e+01,-5.225372314453125000e+01,-4.934284591674804688e+01,-4.251375198364257812e+01,-3.089717292785644531e+01,-2.353563880920410156e+01,-1.000039672851562500e+01,-2.031745672225952148e+00,-1.253853678703308105e+00,-6.716114997863769531e+00,-1.541875720024108887e+00,3.008763313293457031e+00,4.875875473022460938e+00,4.430349349975585938e+00,5.707221984863281250e+00,1.510363864898681641e+01,1.755318832397460938e+01,1.741211318969726562e+01,1.741458892822265625e+01,1.477911472320556641e+01,1.378595829010009766e+01,1.929952239990234375e+01,2.371232032775878906e+01,2.238872718811035156e+01,2.414516448974609375e+01,1.687656593322753906e+01,1.877983283996582031e+01,1.878270721435546875e+01,1.368916320800781250e+01,1.026946544647216797e+01,9.767058372497558594e+00,8.396514892578125000e+00,1.139793634414672852e+00,6.298683881759643555e-01,nan,nan,nan,nan,nan,nan,nan,nan,nan,nan,nan,nan,nan,nan,nan,nan,nan,nan,nan,nan,nan,nan,nan,nan,nan,nan,nan,nan,nan,nan,nan,nan,nan
nan,nan,nan,nan,nan,nan,nan,nan,nan,nan,nan,nan,nan,nan,nan,nan,nan,nan,nan,nan,nan,nan,nan,nan,nan,nan,nan,nan,nan,nan,nan,nan,nan,nan,nan,2.957887649536132812e+01,2.135869216918945312e+01,1.903852844238281250e+01,1.919521141052246094e+01,1.926372909545898438e+01,2.121384048461914062e+01,2.232839012145996094e+01,2.263603973388671875e+01,2.222962951660156250e+01,1.933374404907226562e+01,2.596261024475097656e+01,2.403330421447753906e+01,6.391091823577880859e+00,-5.906254768371582031e+00,-2.530892562866210938e+01,-6.551401138305664062e+00,-1.594760322570800781e+01,-2.704734420776367188e+01,-4.032638168334960938e+01,-5.028876113891601562e+01,-6.140010833740234375e+01,-6.150902557373046875e+01,-6.599044799804687500e+01,-5.175347900390625000e+01,-5.082362747192382812e+01,-4.975429153442382812e+01,-2.332691192626953125e+01,-1.784842681884765625e+01,-1.718045997619628906e+01,-1.369858074188232422e+01,1.191541433334350586e+00,1.497062802314758301e+00,2.660707712173461914e+00,1.044482111930847168e+00,2.130984306335449219e+00,6.436895370483398438e+00,6.595991611480712891e+00,6.541233539581298828e+00,1.474711799621582031e+01,1.694625473022460938e+01,1.984840774536132812e+01,2.096995162963867188e+01,1.890366554260253906e+01,9.654512405395507812e+00,1.952092170715332031e+01,1.936420059204101562e+01,2.413455009460449219e+01,1.934521102905273438e+01,1.941733741760253906e+01,8.664046287536621094e+00,6.802067279815673828e+00,1.326302719116210938e+01,8.229621887207031250e+00,8.311426162719726562e+00,2.081689834594726562e+01,2.894426345825195312e+00,1.190936803817749023e+00,nan,nan,nan,nan,nan,nan,nan,nan,nan,nan,nan,nan,nan,nan,nan,nan,nan,nan,nan,nan,nan,nan,nan,nan,nan,nan,nan,nan,nan,nan,nan,nan,nan
nan,nan,nan,nan,nan,nan,nan,nan,nan,nan,nan,nan,nan,nan,nan,nan,nan,nan,nan,nan,nan,nan,nan,nan,nan,nan,nan,nan,nan,nan,nan,nan,nan,nan,nan,2.482262992858886719e+01,1.810526466369628906e+01,2.170225715637207031e+01,1.691566848754882812e+01,2.365845870971679688e+01,2.238399505615234375e+01,1.854863166809082031e+01,1.303314399719238281e+01,1.266209411621093750e+01,1.276886081695556641e+01,1.766659164428710938e+01,1.658993911743164062e+01,3.255175113677978516e+00,-1.210735225677490234e+01,-1.480937480926513672e+01,-1.236338520050048828e+01,-1.937338066101074219e+01,-2.820092964172363281e+01,-4.672452163696289062e+01,-5.794694900512695312e+01,-5.982276916503906250e+01,-6.257290267944335938e+01,-4.990808486938476562e+01,-4.336441802978515625e+01,-4.677192306518554688e+01,-4.598870849609375000e+01,-1.817140579223632812e+01,-1.702512168884277344e+01,-1.980523681640625000e+01,-1.429535579681396484e+01,-3.465537071228027344e+00,3.748123645782470703e+00,-1.643464207649230957e+00,1.473691463470458984e+00,4.522532463073730469e+00,7.188545227050781250e+00,8.585782051086425781e+00,nan,nan,1.561608505249023438e+01,2.050964355468750000e+01,1.948075675964355469e+01,2.790343284606933594e+01,2.021303939819335938e+01,4.570308303833007812e+01,1.952886772155761719e+01,2.369242095947265625e+01,1.890626716613769531e+01,6.997880935668945312e+00,1.527297496795654297e+01,nan,nan,nan,nan,nan,nan,nan,nan,nan,nan,nan,nan,nan,nan,nan,nan,nan,nan,nan,nan,nan,nan,nan,nan,nan,nan,nan,nan,nan,nan,nan,nan,nan,nan,nan,nan,nan,nan,nan,nan
nan,nan,nan,nan,nan,nan,nan,nan,nan,nan,nan,nan,nan,nan,nan,nan,nan,nan,nan,nan,nan,nan,nan,nan,nan,nan,nan,nan,nan,nan,nan,nan,nan,nan,nan,2.239077758789062500e+01,2.078897094726562500e+01,1.413841724395751953e+01,2.136406326293945312e+01,1.528920841217041016e+01,1.792226600646972656e+01,1.279984760284423828e+01,1.208871936798095703e+01,8.134305000305175781e+00,8.914348602294921875e+00,3.531591653823852539e+00,2.578770875930786133e+00,-4.960901260375976562e+00,-1.251648139953613281e+01,-1.269749164581298828e+01,-2.028534317016601562e+01,-2.166649246215820312e+01,-3.384907150268554688e+01,-4.898693847656250000e+01,-5.736182403564453125e+01,-6.323663711547851562e+01,-6.187239456176757812e+01,-6.607161712646484375e+01,-5.391020202636718750e+01,-4.639609909057617188e+01,-4.031147384643554688e+01,-2.456427383422851562e+01,-1.872909736633300781e+01,-1.377145671844482422e+01,-1.270374202728271484e+01,-1.163391876220703125e+01,-6.032020568847656250e+00,-1.363989830017089844e+00,2.479998469352722168e-01,8.090621948242187500e+00,1.062684726715087891e+01,1.307068443298339844e+01,1.571425724029541016e+01,1.450108814239501953e+01,nan,1.884496879577636719e+01,2.242222785949707031e+01,1.419899463653564453e+01,2.651501274108886719e+01,2.479596328735351562e+01,1.112910461425781250e+01,1.368529033660888672e+01,2.414048767089843750e+01,1.709181976318359375e+01,nan,nan,nan,nan,nan,nan,nan,nan,nan,nan,nan,nan,nan,nan,nan,nan,nan,nan,nan,nan,nan,nan,nan,nan,nan,nan,nan,nan,nan,nan,nan,nan,nan,nan,nan,nan,nan,nan,nan,nan,nan
nan,nan,nan,nan,nan,nan,nan,nan,nan,nan,nan,nan,nan,nan,nan,nan,nan,nan,nan,nan,nan,nan,nan,nan,nan,nan,nan,nan,nan,nan,nan,nan,nan,nan,nan,nan,nan,1.741743850708007812e+01,9.262841224670410156e+00,8.449971199035644531e+00,8.552196502685546875e+00,1.101488590240478516e+01,1.556184291839599609e+01,nan,1.097318267822265625e+01,4.160707473754882812e+00,-2.776006698608398438e+00,-8.645795822143554688e+00,-1.730792808532714844e+01,-2.474311065673828125e+01,-2.565229797363281250e+01,-2.689183807373046875e+01,-3.584317016601562500e+01,-4.360244750976562500e+01,-5.250598907470703125e+01,-6.110818481445312500e+01,-6.299542617797851562e+01,-5.135072708129882812e+01,-4.725718307495117188e+01,-2.993641662597656250e+01,-1.049041843414306641e+01,-6.154546260833740234e+00,-1.570196533203125000e+01,-1.090610027313232422e+01,-1.410097885131835938e+01,-1.213292217254638672e+01,-3.246473073959350586e+00,-2.660277843475341797e+00,-1.430666565895080566e+00,9.821694374084472656e+00,1.125071144104003906e+01,1.568590927124023438e+01,1.708121490478515625e+01,2.142731285095214844e+01,nan,nan,2.074713516235351562e+01,2.215500831604003906e+01,3.232040405273437500e+01,1.160726070404052734e+01,1.991793632507324219e+01,nan,1.900916671752929688e+01,nan,nan,nan,nan,nan,nan,nan,nan,nan,nan,nan,nan,nan,nan,nan,nan,nan,nan,nan,nan,nan,nan,nan,nan,nan,nan,nan,nan,nan,nan,nan,nan,nan,nan,nan,nan,nan,nan,nan,nan,nan,nan
nan,nan,nan,nan,nan,nan,nan,nan,nan,nan,nan,nan,nan,nan,nan,nan,nan,nan,nan,nan,nan,nan,nan,nan,nan,nan,nan,nan,nan,nan,nan,nan,nan,nan,nan,nan,nan,nan,1.676459312438964844e+01,1.628549575805664062e+01,nan,nan,nan,nan,nan,nan,nan,nan,nan,nan,-1.946531867980957031e+01,-2.882628631591796875e+01,-3.807902145385742188e+01,-4.580807876586914062e+01,-5.075374221801757812e+01,-6.524192047119140625e+01,-5.549490737915039062e+01,-6.365025329589843750e+01,-4.856564712524414062e+01,-1.919777107238769531e+01,-1.579447150230407715e+00,-8.285643905401229858e-02,-1.850453186035156250e+01,-1.478096580505371094e+01,-1.578483581542968750e+01,-1.325674247741699219e+01,-3.830002784729003906e+00,2.240723609924316406e+00,8.426335334777832031e+00,1.031275272369384766e+01,1.107808208465576172e+01,1.358502960205078125e+01,1.771643829345703125e+01,2.139262580871582031e+01,1.442302989959716797e+01,1.307124710083007812e+01,1.810121536254882812e+01,1.679977035522460938e+01,nan,nan,nan,nan,nan,nan,nan,nan,nan,nan,nan,nan,nan,nan,nan,nan,nan,nan,nan,nan,nan,nan,nan,nan,nan,nan,nan,nan,nan,nan,nan,nan,nan,nan,nan,nan,nan,nan,nan,nan,nan,nan,nan,nan,nan,nan,nan
nan,nan,nan,nan,nan,nan,nan,nan,nan,nan,nan,nan,nan,nan,nan,nan,nan,nan,nan,nan,nan,nan,nan,nan,nan,nan,nan,nan,nan,nan,nan,nan,nan,nan,nan,nan,nan,nan,nan,nan,nan,nan,nan,nan,nan,nan,nan,nan,nan,nan,nan,nan,nan,nan,nan,-5.264173507690429688e+01,-5.183985900878906250e+01,-6.140320968627929688e+01,-5.396232223510742188e+01,-2.163036918640136719e+01,-2.344585895538330078e+00,-1.390918850898742676e+00,-5.949583530426025391e+00,-1.338490390777587891e+01,-1.556514930725097656e+01,-9.618750572204589844e+00,-4.457013130187988281e+00,5.746558666229248047e+00,1.159428024291992188e+01,1.843375968933105469e+01,2.146851539611816406e+01,2.341376304626464844e+01,2.360616111755371094e+01,2.053102493286132812e+01,1.202288532257080078e+01,9.354763984680175781e+00,1.292388725280761719e+01,1.871240806579589844e+01,nan,nan,nan,nan,nan,nan,nan,nan,nan,nan,nan,nan,nan,nan,nan,nan,nan,nan,nan,nan,nan,nan,nan,nan,nan,nan,nan,nan,nan,nan,nan,nan,nan,nan,nan,nan,nan,nan,nan,nan,nan,nan,nan,nan,nan,nan,nan
nan,nan,nan,nan,nan,nan,nan,nan,nan,nan,nan,nan,nan,nan,nan,nan,nan,nan,nan,nan,nan,nan,nan,nan,nan,nan,nan,nan,nan,nan,nan,nan,nan,nan,nan,nan,nan,nan,nan,nan,nan,nan,nan,nan,nan,nan,nan,nan,nan,nan,nan,nan,nan,nan,nan,nan,nan,-4.107331085205078125e+01,-3.458806610107421875e+01,-2.706212615966796875e+01,-1.997983360290527344e+01,2.207125186920166016e+00,9.272123336791992188e+00,1.678798675537109375e+01,9.078543663024902344e+00,-1.660641551017761230e+00,-4.225362777709960938e+00,4.679286479949951172e+00,7.987825870513916016e+00,2.038323020935058594e+01,2.198685455322265625e+01,2.454536628723144531e+01,1.936075973510742188e+01,1.894989585876464844e+01,6.077970504760742188e+00,3.687860965728759766e+00,1.179747867584228516e+01,1.701403045654296875e+01,nan,nan,nan,nan,nan,nan,nan,nan,nan,nan,nan,nan,nan,nan,nan,nan,nan,nan,nan,nan,nan,nan,nan,nan,nan,nan,nan,nan,nan,nan,nan,nan,nan,nan,nan,nan,nan,nan,nan,nan,nan,nan,nan,nan,nan,nan,nan
nan,nan,nan,nan,nan,nan,nan,nan,nan,nan,nan,nan,nan,nan,nan,nan,nan,nan,nan,nan,nan,nan,nan,nan,nan,nan,nan,nan,nan,nan,nan,nan,nan,nan,nan,nan,nan,nan,nan,nan,nan,nan,nan,nan,nan,nan,nan,nan,nan,nan,nan,nan,nan,nan,nan,nan,nan,nan,nan,nan,-1.592755126953125000e+01,-9.063166618347167969e+00,-4.128882408142089844e+00,1.363287639617919922e+01,2.478824806213378906e+01,1.359121608734130859e+01,8.858757019042968750e+00,-2.485955953598022461e+00,-4.237704277038574219e+00,1.855778503417968750e+01,1.637648582458496094e+01,1.506472110748291016e+01,1.580300903320312500e+01,1.891744995117187500e+01,2.467254257202148438e+01,2.024882316589355469e+01,1.090554046630859375e+01,nan,nan,nan,nan,nan,nan,nan,nan,nan,nan,nan,nan,nan,nan,nan,nan,nan,nan,nan,nan,nan,nan,nan,nan,nan,nan,nan,nan,nan,nan,nan,nan,nan,nan,nan,nan,nan,nan,nan,nan,nan,nan,nan,nan,nan,nan,nan,nan
nan,nan,nan,nan,nan,nan,nan,nan,nan,nan,nan,nan,nan,nan,nan,nan,nan,nan,nan,nan,nan,nan,nan,nan,nan,nan,nan,nan,nan,nan,nan,nan,nan,nan,nan,nan,nan,nan,nan,nan,nan,nan,nan,nan,nan,nan,nan,nan,nan,nan,nan,nan,nan,nan,nan,nan,nan,nan,nan,nan,nan,nan,nan,nan,2.513735055923461914e+00,3.041005516052246094e+01,8.753705024719238281e+00,-4.447875022888183594e+00,-5.858232021331787109e+00,8.430068016052246094e+00,1.127425193786621094e+01,1.043279552459716797e+01,-7.178290486335754395e-01,2.361387825012207031e+01,2.326654624938964844e+01,2.390643501281738281e+01,1.601713371276855469e+01,nan,1.518778800964355469e+01,nan,nan,nan,nan,nan,nan,nan,nan,nan,nan,nan,nan,nan,nan,nan,nan,nan,nan,nan,nan,nan,nan,nan,nan,nan,nan,nan,nan,nan,nan,nan,nan,nan,nan,nan,nan,nan,nan,nan,nan,nan,nan,nan,nan,nan,nan
nan,nan,nan,nan,nan,nan,nan,nan,nan,nan,nan,nan,nan,nan,nan,nan,nan,nan,nan,nan,nan,nan,nan,nan,nan,nan,nan,nan,nan,nan,nan,nan,nan,nan,nan,nan,nan,nan,nan,nan,nan,nan,nan,nan,nan,nan,nan,nan,nan,nan,nan,nan,nan,nan,nan,nan,nan,nan,nan,nan,nan,nan,nan,nan,nan,nan,6.922062873840332031e+00,7.826051235198974609e+00,8.561966896057128906e+00,6.031393527984619141e+00,7.931309193372726440e-02,1.296928119659423828e+01,nan,1.561423301696777344e+01,nan,nan,nan,nan,nan,nan,nan,nan,nan,nan,nan,nan,nan,nan,nan,nan,nan,nan,nan,nan,nan,nan,nan,nan,nan,nan,nan,nan,nan,nan,nan,nan,nan,nan,nan,nan,nan,nan,nan,nan,nan,nan,nan,nan,nan,nan,nan,nan,nan,nan,nan
nan,nan,nan,nan,nan,nan,nan,nan,nan,nan,nan,nan,nan,nan,nan,nan,nan,nan,nan,nan,nan,nan,nan,nan,nan,nan,nan,nan,nan,nan,nan,nan,nan,nan,nan,nan,nan,nan,nan,nan,nan,nan,nan,nan,nan,nan,nan,nan,nan,nan,nan,nan,nan,nan,nan,nan,nan,nan,nan,nan,nan,nan,nan,nan,nan,nan,nan,nan,nan,nan,nan,nan,nan,nan,nan,nan,nan,nan,nan,nan,nan,nan,nan,nan,nan,nan,nan,nan,nan,nan,nan,nan,nan,nan,nan,nan,nan,nan,nan,nan,nan,nan,nan,nan,nan,nan,nan,nan,nan,nan,nan,nan,nan,nan,nan,nan,nan,nan,nan,nan,nan,nan,nan,nan,nan
nan,nan,nan,nan,nan,nan,nan,nan,nan,nan,nan,nan,nan,nan,nan,nan,nan,nan,nan,nan,nan,nan,nan,nan,nan,nan,nan,nan,nan,nan,nan,nan,nan,nan,nan,nan,nan,nan,nan,nan,nan,nan,nan,nan,nan,nan,nan,nan,nan,nan,nan,nan,nan,nan,nan,nan,nan,nan,nan,nan,nan,nan,nan,nan,nan,nan,nan,nan,nan,nan,nan,nan,nan,nan,nan,nan,nan,nan,nan,nan,nan,nan,nan,nan,nan,nan,nan,nan,nan,nan,nan,nan,nan,nan,nan,nan,nan,nan,nan,nan,nan,nan,nan,nan,nan,nan,nan,nan,nan,nan,nan,nan,nan,nan,nan,nan,nan,nan,nan,nan,nan,nan,nan,nan,nan
nan,nan,nan,nan,nan,nan,nan,nan,nan,nan,nan,nan,nan,nan,nan,nan,nan,nan,nan,nan,nan,nan,nan,nan,nan,nan,nan,nan,nan,nan,nan,nan,nan,nan,nan,nan,nan,nan,nan,nan,nan,nan,nan,nan,nan,nan,nan,nan,nan,nan,nan,nan,nan,nan,nan,nan,nan,nan,nan,nan,nan,nan,nan,nan,nan,nan,nan,nan,nan,nan,nan,nan,nan,nan,nan,nan,nan,nan,nan,nan,nan,nan,nan,nan,nan,nan,nan,nan,nan,nan,nan,nan,nan,nan,nan,nan,nan,nan,nan,nan,nan,nan,nan,nan,nan,nan,nan,nan,nan,nan,nan,nan,nan,nan,nan,nan,nan,nan,nan,nan,nan,nan,nan,nan,nan
nan,nan,nan,nan,nan,nan,nan,nan,nan,nan,nan,nan,nan,nan,nan,nan,nan,nan,nan,nan,nan,nan,nan,nan,nan,nan,nan,nan,nan,nan,nan,nan,nan,nan,nan,nan,nan,nan,nan,nan,nan,nan,nan,nan,nan,nan,nan,nan,nan,nan,nan,nan,nan,nan,nan,nan,nan,nan,nan,nan,nan,nan,nan,nan,nan,nan,nan,nan,nan,nan,nan,nan,nan,nan,nan,nan,nan,nan,nan,nan,nan,nan,nan,nan,nan,nan,nan,nan,nan,nan,nan,nan,nan,nan,nan,nan,nan,nan,nan,nan,nan,nan,nan,nan,nan,nan,nan,nan,nan,nan,nan,nan,nan,nan,nan,nan,nan,nan,nan,nan,nan,nan,nan,nan,nan
nan,nan,nan,nan,nan,nan,nan,nan,nan,nan,nan,nan,nan,nan,nan,nan,nan,nan,nan,nan,nan,nan,nan,nan,nan,nan,nan,nan,nan,nan,nan,nan,nan,nan,nan,nan,nan,nan,nan,nan,nan,nan,nan,nan,nan,nan,nan,nan,nan,nan,nan,nan,nan,nan,nan,nan,nan,nan,nan,nan,nan,nan,nan,nan,nan,nan,nan,nan,nan,nan,nan,nan,nan,nan,nan,nan,nan,nan,nan,nan,nan,nan,nan,nan,nan,nan,nan,nan,nan,nan,nan,nan,nan,nan,nan,nan,nan,nan,nan,nan,nan,nan,nan,nan,nan,nan,nan,nan,nan,nan,nan,nan,nan,nan,nan,nan,nan,nan,nan,nan,nan,nan,nan,nan,nan
nan,nan,nan,nan,nan,nan,nan,nan,nan,nan,nan,nan,nan,nan,nan,nan,nan,nan,nan,nan,nan,nan,nan,nan,nan,nan,nan,nan,nan,nan,nan,nan,nan,nan,nan,nan,nan,nan,nan,nan,nan,nan,nan,nan,nan,nan,nan,nan,nan,nan,nan,nan,nan,nan,nan,nan,nan,nan,nan,nan,nan,nan,nan,nan,nan,nan,nan,nan,nan,nan,nan,nan,nan,nan,nan,nan,nan,nan,nan,nan,nan,nan,nan,nan,nan,nan,nan,nan,nan,nan,nan,nan,nan,nan,nan,nan,nan,nan,nan,nan,nan,nan,nan,nan,nan,nan,nan,nan,nan,nan,nan,nan,nan,nan,nan,nan,nan,nan,nan,nan,nan,nan,nan,nan,nan
nan,nan,nan,nan,nan,nan,nan,nan,nan,nan,nan,nan,nan,nan,nan,nan,nan,nan,nan,nan,nan,nan,nan,nan,nan,nan,nan,nan,nan,nan,nan,nan,nan,nan,nan,nan,nan,nan,nan,nan,nan,nan,nan,nan,nan,nan,nan,nan,nan,nan,nan,nan,nan,nan,nan,nan,nan,nan,nan,nan,nan,nan,nan,nan,nan,nan,nan,nan,nan,nan,nan,nan,nan,nan,nan,nan,nan,nan,nan,nan,nan,nan,nan,nan,nan,nan,nan,nan,nan,nan,nan,nan,nan,nan,nan,nan,nan,nan,nan,nan,nan,nan,nan,nan,nan,nan,nan,nan,nan,nan,nan,nan,nan,nan,nan,nan,nan,nan,nan,nan,nan,nan,nan,nan,nan
nan,nan,nan,nan,nan,nan,nan,nan,nan,nan,nan,nan,nan,nan,nan,nan,nan,nan,nan,nan,nan,nan,nan,nan,nan,nan,nan,nan,nan,nan,nan,nan,nan,nan,nan,nan,nan,nan,nan,nan,nan,nan,nan,nan,nan,nan,nan,nan,nan,nan,nan,nan,nan,nan,nan,nan,nan,nan,nan,nan,nan,nan,nan,nan,nan,nan,nan,nan,nan,nan,nan,nan,nan,nan,nan,nan,nan,nan,nan,nan,nan,nan,nan,nan,nan,nan,nan,nan,nan,nan,nan,nan,nan,nan,nan,nan,nan,nan,nan,nan,nan,nan,nan,nan,nan,nan,nan,nan,nan,nan,nan,nan,nan,nan,nan,nan,nan,nan,nan,nan,nan,nan,nan,nan,nan
nan,nan,nan,nan,nan,nan,nan,nan,nan,nan,nan,nan,nan,nan,nan,nan,nan,nan,nan,nan,nan,nan,nan,nan,nan,nan,nan,nan,nan,nan,nan,nan,nan,nan,nan,nan,nan,nan,nan,nan,nan,nan,nan,nan,nan,nan,nan,nan,nan,nan,nan,nan,nan,nan,nan,nan,nan,nan,nan,nan,nan,nan,nan,nan,nan,nan,nan,nan,nan,nan,nan,nan,nan,nan,nan,nan,nan,nan,nan,nan,nan,nan,nan,nan,nan,nan,nan,nan,nan,nan,nan,nan,nan,nan,nan,nan,nan,nan,nan,nan,nan,nan,nan,nan,nan,nan,nan,nan,nan,nan,nan,nan,nan,nan,nan,nan,nan,nan,nan,nan,nan,nan,nan,nan,nan
nan,nan,nan,nan,nan,nan,nan,nan,nan,nan,nan,nan,nan,nan,nan,nan,nan,nan,nan,nan,nan,nan,nan,nan,nan,nan,nan,nan,nan,nan,nan,nan,nan,nan,nan,nan,nan,nan,nan,nan,nan,nan,nan,nan,nan,nan,nan,nan,nan,nan,nan,nan,nan,nan,nan,nan,nan,nan,nan,nan,nan,nan,nan,nan,nan,nan,nan,nan,nan,nan,nan,nan,nan,nan,nan,nan,nan,nan,nan,nan,nan,nan,nan,nan,nan,nan,nan,nan,nan,nan,nan,nan,nan,nan,nan,nan,nan,nan,nan,nan,nan,nan,nan,nan,nan,nan,nan,nan,nan,nan,nan,nan,nan,nan,nan,nan,nan,nan,nan,nan,nan,nan,nan,nan,nan
nan,nan,nan,nan,nan,nan,nan,nan,nan,nan,nan,nan,nan,nan,nan,nan,nan,nan,nan,nan,nan,nan,nan,nan,nan,nan,nan,nan,nan,nan,nan,nan,nan,nan,nan,nan,nan,nan,nan,nan,nan,nan,nan,nan,nan,nan,nan,nan,nan,nan,nan,nan,nan,nan,nan,nan,nan,nan,nan,nan,nan,nan,nan,nan,nan,nan,nan,nan,nan,nan,nan,nan,nan,nan,nan,nan,nan,nan,nan,nan,nan,nan,nan,nan,nan,nan,nan,nan,nan,nan,nan,nan,nan,nan,nan,nan,nan,nan,nan,nan,nan,nan,nan,nan,nan,nan,nan,nan,nan,nan,nan,nan,nan,nan,nan,nan,nan,nan,nan,nan,nan,nan,nan,nan,nan
nan,nan,nan,nan,nan,nan,nan,nan,nan,nan,nan,nan,nan,nan,nan,nan,nan,nan,nan,nan,nan,nan,nan,nan,nan,nan,nan,nan,nan,nan,nan,nan,nan,nan,nan,nan,nan,nan,nan,nan,nan,nan,nan,nan,nan,nan,nan,nan,nan,nan,nan,nan,nan,nan,nan,nan,nan,nan,nan,nan,nan,nan,nan,nan,nan,nan,nan,nan,nan,nan,nan,nan,nan,nan,nan,nan,nan,nan,nan,nan,nan,nan,nan,nan,nan,nan,nan,nan,nan,nan,nan,nan,nan,nan,nan,nan,nan,nan,nan,nan,nan,nan,nan,nan,nan,nan,nan,nan,nan,nan,nan,nan,nan,nan,nan,nan,nan,nan,nan,nan,nan,nan,nan,nan,nan
nan,nan,nan,nan,nan,nan,nan,nan,nan,nan,nan,nan,nan,nan,nan,nan,nan,nan,nan,nan,nan,nan,nan,nan,nan,nan,nan,nan,nan,nan,nan,nan,nan,nan,nan,nan,nan,nan,nan,nan,nan,nan,nan,nan,nan,nan,nan,nan,nan,nan,nan,nan,nan,nan,nan,nan,nan,nan,nan,nan,nan,nan,nan,nan,nan,nan,nan,nan,nan,nan,nan,nan,nan,nan,nan,nan,nan,nan,nan,nan,nan,nan,nan,nan,nan,nan,nan,nan,nan,nan,nan,nan,nan,nan,nan,nan,nan,nan,nan,nan,nan,nan,nan,nan,nan,nan,nan,nan,nan,nan,nan,nan,nan,nan,nan,nan,nan,nan,nan,nan,nan,nan,nan,nan,nan
nan,nan,nan,nan,nan,nan,nan,nan,nan,nan,nan,nan,nan,nan,nan,nan,nan,nan,nan,nan,nan,nan,nan,nan,nan,nan,nan,nan,nan,nan,nan,nan,nan,nan,nan,nan,nan,nan,nan,nan,nan,nan,nan,nan,nan,nan,nan,nan,nan,nan,nan,nan,nan,nan,nan,nan,nan,nan,nan,nan,nan,nan,nan,nan,nan,nan,nan,nan,nan,nan,nan,nan,nan,nan,nan,nan,nan,nan,nan,nan,nan,nan,nan,nan,nan,nan,nan,nan,nan,nan,nan,nan,nan,nan,nan,nan,nan,nan,nan,nan,nan,nan,nan,nan,nan,nan,nan,nan,nan,nan,nan,nan,nan,nan,nan,nan,nan,nan,nan,nan,nan,nan,nan,nan,nan
nan,nan,nan,nan,nan,nan,nan,nan,nan,nan,nan,nan,nan,nan,nan,nan,nan,nan,nan,nan,nan,nan,nan,nan,nan,nan,nan,nan,nan,nan,nan,nan,nan,nan,nan,nan,nan,nan,nan,nan,nan,nan,nan,nan,nan,nan,nan,nan,nan,nan,nan,nan,nan,nan,nan,nan,nan,nan,nan,nan,nan,nan,nan,nan,nan,nan,nan,nan,nan,nan,nan,nan,nan,nan,nan,nan,nan,nan,nan,nan,nan,nan,nan,nan,nan,nan,nan,nan,nan,nan,nan,nan,nan,nan,nan,nan,nan,nan,nan,nan,nan,nan,nan,nan,nan,nan,nan,nan,nan,nan,nan,nan,nan,nan,nan,nan,nan,nan,nan,nan,nan,nan,nan,nan,nan
nan,nan,nan,nan,nan,nan,nan,nan,nan,nan,nan,nan,nan,nan,nan,nan,nan,nan,nan,nan,nan,nan,nan,nan,nan,nan,nan,nan,nan,nan,nan,nan,nan,nan,nan,nan,nan,nan,nan,nan,nan,nan,nan,nan,nan,nan,nan,nan,nan,nan,nan,nan,nan,nan,nan,nan,nan,nan,nan,nan,nan,nan,nan,nan,nan,nan,nan,nan,nan,nan,nan,nan,nan,nan,nan,nan,nan,nan,nan,nan,nan,nan,nan,nan,nan,nan,nan,nan,nan,nan,nan,nan,nan,nan,nan,nan,nan,nan,nan,nan,nan,nan,nan,nan,nan,nan,nan,nan,nan,nan,nan,nan,nan,nan,nan,nan,nan,nan,nan,nan,nan,nan,nan,nan,nan
